training_time: 29.657838106155396
epoch_times: [1.4789209365844727, 1.4505839347839355, 1.4653282165527344, 1.5421206951141357, 1.6673030853271484, 1.559349536895752, 1.4496066570281982, 1.470299482345581, 1.4909179210662842, 1.4684834480285645, 1.4554576873779297, 1.4711487293243408, 1.468475103378296, 1.465524673461914, 1.4640812873840332, 1.4453444480895996, 1.456953763961792, 1.4624519348144531, 1.4607300758361816, 1.4647564888000488]