training_time: 101.48053121566772
epoch_times: [5.0816967487335205, 4.971096038818359, 5.597732305526733, 5.023485422134399, 5.012880802154541, 5.034666538238525, 5.020349740982056, 4.993841886520386, 4.997411489486694, 5.289576292037964, 4.9931395053863525, 5.00983452796936, 5.024151563644409, 5.016533613204956, 5.021670818328857, 5.015122175216675, 5.3087286949157715, 5.056677341461182, 5.035465955734253, 4.9764697551727295]