training_time: 22.414696216583252
epoch_times: [1.128488302230835, 1.120917558670044, 1.1060729026794434, 1.1041383743286133, 1.138122320175171, 1.1218781471252441, 1.1280510425567627, 1.1143145561218262, 1.1074421405792236, 1.1199891567230225, 1.1094796657562256, 1.1218976974487305, 1.1281912326812744, 1.12473726272583, 1.1347267627716064, 1.1065256595611572, 1.1102323532104492, 1.1372952461242676, 1.1264007091522217, 1.1257951259613037]