training_time: 435.80482959747314
epoch_times: [21.902748107910156, 22.201393604278564, 22.1448392868042, 22.54646396636963, 21.797775745391846, 21.353139400482178, 21.183021545410156, 21.6388738155365, 21.92293643951416, 22.44099521636963, 22.506312370300293, 22.23128342628479, 20.8384211063385, 20.280524253845215, 21.45974349975586, 21.817721843719482, 21.883670806884766, 22.182239532470703, 21.727465391159058, 21.74526023864746]