training_time: 2112.0347986221313
epoch_times: [106.41196990013123, 106.14412379264832, 105.36016321182251, 106.20499348640442, 105.63003253936768, 105.4669976234436, 104.00170850753784, 104.93572568893433, 106.02286148071289, 106.31856322288513, 105.50532031059265, 105.72134304046631, 104.77887535095215, 105.02475905418396, 105.97001147270203, 105.9100432395935, 106.17142081260681, 105.49792957305908, 105.71698832511902, 105.2409679889679]