training_time: 199.8099389076233
epoch_times: [9.8521728515625, 9.851124048233032, 9.86781358718872, 10.10127067565918, 9.978016138076782, 9.906910419464111, 9.922088623046875, 10.071675062179565, 10.160707235336304, 10.107993602752686, 9.995911359786987, 10.046515703201294, 10.012578010559082, 10.020127534866333, 10.11722707748413, 9.856456756591797, 10.072559118270874, 9.930789232254028, 9.98404574394226, 9.953956127166748]