training_time: 110.05794978141785
epoch_times: [5.476617813110352, 5.452423810958862, 5.577561378479004, 5.493169546127319, 5.4522058963775635, 5.534061908721924, 5.520617961883545, 5.469577789306641, 5.465692043304443, 5.575671672821045, 5.461144924163818, 5.464619874954224, 5.553866147994995, 5.581868886947632, 5.496259450912476, 5.461761236190796, 5.566282510757446, 5.515042304992676, 5.468229293823242, 5.471275329589844]