training_time: 1159.7710874080658
epoch_times: [58.298807859420776, 57.83832240104675, 58.01257371902466, 57.79890441894531, 57.82588291168213, 57.777671337127686, 57.71127271652222, 57.65025472640991, 57.90799117088318, 58.46269607543945, 58.31690168380737, 58.14731478691101, 57.830833196640015, 57.82735991477966, 57.93452787399292, 58.207788705825806, 58.15905809402466, 58.31194734573364, 57.87440729141235, 57.87657117843628]