training_time: 17.80320453643799
epoch_times: [0.8999652862548828, 0.9011557102203369, 0.8842041492462158, 0.8835058212280273, 0.8820309638977051, 0.9015610218048096, 0.892303466796875, 0.8842227458953857, 0.9002723693847656, 0.8814489841461182, 0.8820183277130127, 0.8927524089813232, 0.893075704574585, 0.9058756828308105, 0.8925096988677979, 0.8932948112487793, 0.8863201141357422, 0.8813729286193848, 0.8800718784332275, 0.8852424621582031]