training_time: 100.63797807693481
epoch_times: [5.085813283920288, 5.0081493854522705, 5.010122776031494, 5.022725820541382, 4.92940878868103, 5.08746337890625, 5.02088737487793, 4.995994806289673, 5.033538818359375, 4.936953783035278, 4.905522108078003, 4.999064683914185, 4.960550308227539, 5.505594491958618, 4.965537786483765, 5.015899419784546, 5.1086578369140625, 5.012120246887207, 4.948660612106323, 5.085312366485596]