training_time: 417.72001361846924
epoch_times: [21.20845866203308, 21.26051616668701, 20.82662343978882, 21.142075538635254, 21.01060938835144, 21.14768362045288, 21.090587377548218, 21.039466857910156, 20.061203956604004, 20.178179264068604, 20.592027187347412, 20.83940625190735, 21.22420382499695, 20.56037449836731, 21.15937876701355, 20.80607843399048, 20.52189874649048, 21.326581716537476, 20.85136651992798, 20.87329339981079]