training_time: 17.744077444076538
epoch_times: [0.9027936458587646, 0.8839831352233887, 0.8903496265411377, 0.8908734321594238, 0.8888061046600342, 0.8913617134094238, 0.8888928890228271, 0.8823215961456299, 0.8854362964630127, 0.8882055282592773, 0.884329080581665, 0.8852896690368652, 0.8846845626831055, 0.8910515308380127, 0.8829469680786133, 0.8805015087127686, 0.882824182510376, 0.8828463554382324, 0.887434720993042, 0.8891448974609375]