training_time: 1807.6095070838928
epoch_times: [90.39211130142212, 90.32844138145447, 90.44885540008545, 90.14694309234619, 90.29988932609558, 90.52692890167236, 90.52366423606873, 90.37402105331421, 90.18502426147461, 90.48428249359131, 90.48703193664551, 90.20728993415833, 89.8631820678711, 90.82608008384705, 90.26145887374878, 90.60883593559265, 90.76777076721191, 90.5445785522461, 90.2471661567688, 90.08595132827759]