training_time: 2853.950288295746
epoch_times: [142.38276743888855, 145.84332585334778, 142.4354248046875, 142.37545943260193, 142.39859986305237, 142.41758584976196, 142.7297019958496, 142.5867419242859, 142.33692073822021, 142.51978015899658, 142.57474946975708, 142.59860634803772, 142.6987862586975, 142.3345184326172, 142.61817693710327, 142.45543599128723, 142.5741946697235, 142.6639530658722, 142.86754083633423, 142.53801822662354]