training_time: 19.026221752166748
epoch_times: [0.963193416595459, 0.9585847854614258, 0.9516341686248779, 0.9549739360809326, 0.9672231674194336, 0.9614369869232178, 0.948284387588501, 0.9527249336242676, 0.9564523696899414, 0.952178955078125, 0.9615237712860107, 0.9446299076080322, 0.9525938034057617, 0.957923173904419, 0.9362344741821289, 0.9452290534973145, 0.9411661624908447, 0.9269659519195557, 0.9460709095001221, 0.947197437286377]