training_time: 2846.564495563507
epoch_times: [141.691987991333, 141.6908094882965, 141.63171100616455, 141.85135197639465, 142.44395661354065, 144.64497327804565, 141.8745505809784, 142.149099111557, 142.3960793018341, 142.39255571365356, 142.46325874328613, 142.49739694595337, 142.33633947372437, 142.19534873962402, 142.30591201782227, 142.3188135623932, 142.55617427825928, 142.4127118587494, 142.39151453971863, 142.31995034217834]