training_time: 428.12122678756714
epoch_times: [19.86238169670105, 20.592288970947266, 21.641483306884766, 23.477319478988647, 21.132423639297485, 19.39926767349243, 19.99890398979187, 20.71645975112915, 22.714027881622314, 19.488925457000732, 22.77912473678589, 22.289217710494995, 22.522751569747925, 21.95651340484619, 21.825626373291016, 21.685771465301514, 21.43166160583496, 21.780113220214844, 21.37951683998108, 21.447448015213013]