training_time: 2283.363566160202
epoch_times: [115.71308660507202, 113.9159164428711, 113.87258672714233, 114.05000829696655, 111.96583366394043, 114.85648107528687, 114.4613344669342, 114.52861666679382, 114.42098927497864, 114.62246966362, 115.05281662940979, 114.78417754173279, 114.9389545917511, 114.86002326011658, 115.02312874794006, 113.78429365158081, 113.54306697845459, 113.41154384613037, 113.71527147293091, 111.84296655654907]