training_time: 239.4634485244751
epoch_times: [12.811452865600586, 12.277341842651367, 13.274405717849731, 12.97096300125122, 13.165942430496216, 11.945188999176025, 11.520203351974487, 11.765763521194458, 11.351485967636108, 11.544832229614258, 11.95017385482788, 11.193008661270142, 11.716444730758667, 11.818669080734253, 11.481964826583862, 11.712697982788086, 11.920722007751465, 11.209045648574829, 12.100481510162354, 11.732660293579102]