training_time: 432.992479801178
epoch_times: [22.213414192199707, 22.165003538131714, 21.585622310638428, 22.00473165512085, 22.29462218284607, 21.656009435653687, 21.917858123779297, 22.020750522613525, 21.321020126342773, 21.182674884796143, 21.39587926864624, 21.576232194900513, 19.5637845993042, 22.277358055114746, 21.845858573913574, 22.516831874847412, 21.101064682006836, 21.77454710006714, 21.21425151824951, 21.364964962005615]