training_time: 21.964173316955566
epoch_times: [1.033332109451294, 1.0681126117706299, 1.1452770233154297, 1.1560444831848145, 1.1509332656860352, 1.1285438537597656, 0.9975309371948242, 1.0528948307037354, 1.148528814315796, 1.1438310146331787, 1.1377885341644287, 1.1492903232574463, 0.9991052150726318, 1.043544054031372, 1.1434283256530762, 1.1427052021026611, 1.1456670761108398, 1.142941951751709, 0.9866805076599121, 1.0479931831359863]