training_time: 29.67793846130371
epoch_times: [1.4920654296875, 1.4499900341033936, 1.4648661613464355, 1.475557804107666, 1.4897100925445557, 1.4602410793304443, 1.4873523712158203, 1.4679951667785645, 1.4385442733764648, 1.4393181800842285, 1.5016260147094727, 1.5091736316680908, 1.4546902179718018, 1.524704933166504, 1.4946184158325195, 1.4532191753387451, 1.5369222164154053, 1.4939563274383545, 1.5748181343078613, 1.4685688018798828]