training_time: 433.18954968452454
epoch_times: [21.646833419799805, 21.526278018951416, 20.59852123260498, 20.736693382263184, 21.840517282485962, 21.800872087478638, 21.22847008705139, 20.202284574508667, 23.93130135536194, 20.471418380737305, 21.41287112236023, 21.627752780914307, 21.27884292602539, 20.825811624526978, 23.94734835624695, 22.789324283599854, 21.441771984100342, 21.570493698120117, 22.471014976501465, 21.84112811088562]