training_time: 231.0188479423523
epoch_times: [11.2908616065979, 11.225860595703125, 11.24733304977417, 11.56273889541626, 11.844305992126465, 11.233245134353638, 11.62592101097107, 11.715738296508789, 11.230936765670776, 11.988876104354858, 11.812957048416138, 11.42147183418274, 11.953089475631714, 11.530584335327148, 11.626205921173096, 11.944410562515259, 11.32895565032959, 11.827701568603516, 11.322927713394165, 11.28472638130188]