training_time: 441.91418862342834
epoch_times: [23.625998973846436, 21.80643606185913, 21.635704040527344, 22.11682391166687, 22.092624187469482, 21.971091985702515, 22.598544597625732, 22.939088106155396, 21.91592049598694, 21.691198110580444, 21.98109793663025, 22.389456748962402, 20.034348964691162, 22.682363510131836, 22.18233299255371, 22.32415747642517, 22.500479221343994, 21.66426992416382, 21.911677837371826, 21.850573539733887]