training_time: 54.84495806694031
epoch_times: [2.748464345932007, 2.743283748626709, 2.7414700984954834, 2.7495739459991455, 2.74141526222229, 2.733323812484741, 2.732257127761841, 2.743790864944458, 2.7425436973571777, 2.7455809116363525, 2.741806745529175, 2.7458901405334473, 2.743572235107422, 2.7424514293670654, 2.737138032913208, 2.73694109916687, 2.740889549255371, 2.742192506790161, 2.748753786087036, 2.7436187267303467]