training_time: 515.6106860637665
epoch_times: [24.454664707183838, 24.14302659034729, 24.425048112869263, 26.53344702720642, 25.983505964279175, 27.10988211631775, 26.376407384872437, 25.64678168296814, 26.105724096298218, 25.57220435142517, 26.54349970817566, 26.841147661209106, 25.7754487991333, 25.087743997573853, 25.32529306411743, 25.547587156295776, 25.836719274520874, 26.847835302352905, 26.384334325790405, 25.070384740829468]