training_time: 431.6085112094879
epoch_times: [20.16222357749939, 19.823719024658203, 19.772708415985107, 19.707402229309082, 19.603920698165894, 19.522582292556763, 22.826637029647827, 24.10092258453369, 21.034294605255127, 22.203124284744263, 22.359507083892822, 22.797971963882446, 22.080936670303345, 22.314191102981567, 22.117963075637817, 22.67362880706787, 21.77922534942627, 22.12337851524353, 22.32902455329895, 22.27514934539795]