training_time: 434.7595908641815
epoch_times: [21.78575038909912, 20.868868350982666, 21.463444471359253, 22.21409296989441, 22.635502576828003, 21.89532732963562, 21.23706293106079, 20.550987005233765, 20.594311475753784, 21.260964393615723, 23.51213002204895, 22.92638897895813, 20.328919887542725, 21.106946229934692, 21.342830181121826, 21.24299120903015, 23.533628702163696, 23.278785705566406, 21.648717880249023, 21.331940174102783]