training_time: 1939.550335407257
epoch_times: [97.37926816940308, 96.88588166236877, 97.16094923019409, 97.21440386772156, 96.75040483474731, 96.13466191291809, 97.09853267669678, 96.82215452194214, 97.17755031585693, 97.0965747833252, 96.77270293235779, 96.66948771476746, 97.51708793640137, 96.78732514381409, 97.12335062026978, 97.36883497238159, 96.57256507873535, 96.85366415977478, 97.0582013130188, 97.10673356056213]