training_time: 200.40423130989075
epoch_times: [10.036246299743652, 9.999104261398315, 9.941219568252563, 9.93074369430542, 10.001110792160034, 10.02406644821167, 10.089642524719238, 10.060204029083252, 10.187642574310303, 10.008413076400757, 9.987496852874756, 10.003686428070068, 9.963995695114136, 9.960709571838379, 9.962446212768555, 10.053420305252075, 9.953708171844482, 9.944236278533936, 10.230115413665771, 10.066023111343384]