training_time: 22.314632415771484
epoch_times: [1.1179263591766357, 1.1078457832336426, 1.1270229816436768, 1.1241943836212158, 1.1269111633300781, 1.121598720550537, 1.1046431064605713, 1.10725736618042, 1.117023229598999, 1.1282832622528076, 1.1050560474395752, 1.1198337078094482, 1.1255948543548584, 1.0969939231872559, 1.1087827682495117, 1.121185302734375, 1.123023509979248, 1.118131399154663, 1.1014680862426758, 1.111856460571289]