training_time: 1732.0113861560822
epoch_times: [86.56163454055786, 86.43453550338745, 87.09547257423401, 86.60077714920044, 86.70768165588379, 86.88122534751892, 87.30148816108704, 87.12884044647217, 86.98974990844727, 86.90246510505676, 87.14771056175232, 87.15256643295288, 86.9727566242218, 86.91380977630615, 86.08853816986084, 86.16483736038208, 85.80024361610413, 85.67225480079651, 85.60016918182373, 85.89462924003601]