training_time: 427.5290005207062
epoch_times: [22.734228134155273, 22.294782400131226, 21.88923478126526, 22.152247667312622, 22.86082100868225, 21.813899993896484, 22.079110622406006, 20.812917947769165, 20.398417234420776, 21.06085467338562, 21.168280839920044, 21.03541922569275, 20.84591841697693, 21.720730781555176, 19.95628261566162, 21.874889612197876, 20.434682846069336, 20.742061614990234, 20.988643646240234, 20.665576457977295]