training_time: 112.08414959907532
epoch_times: [5.654478073120117, 5.601433277130127, 5.590553522109985, 5.587650537490845, 5.608842134475708, 5.581035137176514, 5.645691871643066, 5.656708002090454, 5.592766523361206, 5.595656156539917, 5.60373330116272, 5.6140100955963135, 5.584801197052002, 5.591586112976074, 5.597398519515991, 5.609992265701294, 5.581724405288696, 5.588325023651123, 5.6128621101379395, 5.584901332855225]