training_time: 21.661073446273804
epoch_times: [1.1026792526245117, 1.129577398300171, 1.1337823867797852, 1.1018104553222656, 1.1004478931427002, 1.0885250568389893, 1.0992693901062012, 1.0845539569854736, 1.0987133979797363, 1.1328489780426025, 1.1077289581298828, 1.101658582687378, 1.1061348915100098, 1.1017322540283203, 1.0896825790405273, 1.1009035110473633, 1.0961949825286865, 0.9541940689086914, 0.9655568599700928, 0.965078592300415]