training_time: 444.5269818305969
epoch_times: [23.192144632339478, 23.037346124649048, 22.772305011749268, 21.855616569519043, 21.243417263031006, 21.64790987968445, 22.0652859210968, 20.49435567855835, 23.514501810073853, 23.82070779800415, 22.46371030807495, 21.323968410491943, 22.204038619995117, 22.045296669006348, 22.401501417160034, 23.098037481307983, 22.154125690460205, 21.681438446044922, 21.780803442001343, 21.730470657348633]