training_time: 438.1475989818573
epoch_times: [21.800445556640625, 22.893481492996216, 22.760906219482422, 22.065748929977417, 22.65162682533264, 21.89649248123169, 22.03132677078247, 22.210386276245117, 22.38177227973938, 22.226574897766113, 21.900524139404297, 21.759801149368286, 20.727428674697876, 20.152749061584473, 21.37865138053894, 21.79742121696472, 21.77715277671814, 22.240147829055786, 21.99251413345337, 21.50244688987732]