training_time: 199.5385777950287
epoch_times: [9.934206485748291, 9.826717615127563, 9.787745714187622, 9.725696086883545, 9.991119146347046, 10.306018352508545, 10.187113761901855, 10.014988899230957, 10.070887088775635, 9.954246520996094, 10.099839687347412, 9.896605968475342, 9.985517024993896, 9.911119222640991, 10.024255275726318, 10.069380044937134, 9.934532165527344, 9.870529174804688, 9.943626642227173, 10.004432916641235]