training_time: 2003.137195110321
epoch_times: [98.47704195976257, 99.89676070213318, 100.13558721542358, 100.2653284072876, 100.17451238632202, 100.20830941200256, 100.28959155082703, 102.11855268478394, 102.2571189403534, 99.06582045555115, 100.29985332489014, 100.3268530368805, 100.32980132102966, 100.2864236831665, 100.33700585365295, 101.63470077514648, 102.12390470504761, 99.26678252220154, 100.05596113204956, 95.58728504180908]