training_time: 2929.6645877361298
epoch_times: [146.53302216529846, 147.43884754180908, 147.06950879096985, 147.48182082176208, 147.19202280044556, 145.21584367752075, 147.5783805847168, 145.61224174499512, 147.08755564689636, 145.76588559150696, 146.999272108078, 146.19397139549255, 146.55799078941345, 147.95085287094116, 143.93071484565735, 147.0891489982605, 145.66341090202332, 145.67471933364868, 145.03022360801697, 147.59915351867676]