training_time: 151.49534940719604
epoch_times: [7.505819797515869, 7.294994592666626, 7.697645902633667, 7.5466694831848145, 7.62152361869812, 7.689682960510254, 7.581101655960083, 7.678578615188599, 7.89394474029541, 7.593890428543091, 7.409079074859619, 7.50006628036499, 7.670960426330566, 7.707932949066162, 7.546163558959961, 7.5387632846832275, 7.494579315185547, 7.457267999649048, 7.497584581375122, 7.5691001415252686]