training_time: 22.27869939804077
epoch_times: [1.079333782196045, 1.0167179107666016, 1.0361318588256836, 1.0274860858917236, 1.1855554580688477, 1.2432518005371094, 1.0219841003417969, 1.0088629722595215, 1.21610426902771, 1.0240929126739502, 1.185502052307129, 1.2521865367889404, 1.25846529006958, 1.0677382946014404, 1.0238664150238037, 1.1669158935546875, 1.2441253662109375, 1.2059218883514404, 1.0034120082855225, 1.0110445022583008]