training_time: 103.9564516544342
epoch_times: [5.249750852584839, 5.09080696105957, 5.171114444732666, 5.136011362075806, 5.151469469070435, 5.139319896697998, 5.123680830001831, 5.168713092803955, 5.192579746246338, 5.438445568084717, 5.231811761856079, 5.210159063339233, 5.247817754745483, 5.174134016036987, 5.336780071258545, 5.237257480621338, 5.072404384613037, 5.133739709854126, 5.171298503875732, 5.279156684875488]