training_time: 100.30701279640198
epoch_times: [5.012512922286987, 4.91389274597168, 4.996447563171387, 4.9694600105285645, 4.936804533004761, 5.23099946975708, 4.945977449417114, 4.98219895362854, 5.010615587234497, 4.994995355606079, 5.239113807678223, 5.028281211853027, 5.007707595825195, 5.0125651359558105, 5.003922462463379, 5.024155855178833, 4.990288019180298, 4.990548133850098, 4.993041515350342, 5.023484468460083]