training_time: 124.8424882888794
epoch_times: [6.112384796142578, 5.986363172531128, 6.034679651260376, 6.002666473388672, 5.980919361114502, 6.116504669189453, 6.1514997482299805, 6.355502605438232, 6.311935186386108, 6.3374269008636475, 6.316634654998779, 6.106577396392822, 6.245939493179321, 6.145329236984253, 6.194338321685791, 6.181049108505249, 6.330967426300049, 6.556008338928223, 6.7114129066467285, 6.664348840713501]