training_time: 103.0901997089386
epoch_times: [5.125525712966919, 5.2873992919921875, 5.104152679443359, 5.111526012420654, 5.126162767410278, 5.116846561431885, 5.119406223297119, 5.115334749221802, 5.418591022491455, 5.098076581954956, 5.126489162445068, 5.123512268066406, 5.104340076446533, 5.130954265594482, 5.129138708114624, 5.421066761016846, 5.121149301528931, 5.0934131145477295, 5.102198123931885, 5.1149163246154785]