training_time: 421.66912269592285
epoch_times: [21.556382179260254, 21.39122176170349, 21.015486478805542, 20.619020462036133, 21.267139434814453, 22.126301050186157, 21.565115451812744, 21.068589687347412, 21.11656165122986, 20.792379140853882, 21.12955617904663, 21.473458528518677, 20.677004098892212, 19.07672882080078, 21.027413845062256, 20.86185884475708, 21.007495880126953, 21.374404430389404, 21.44483757019043, 21.0781672000885]