training_time: 1065.7975840568542
epoch_times: [53.219043016433716, 53.75523066520691, 53.32928395271301, 53.16366505622864, 53.13759398460388, 53.09788250923157, 53.31227493286133, 53.31347346305847, 53.70304346084595, 53.265604972839355, 53.22315192222595, 53.0943558216095, 53.12958884239197, 53.27350664138794, 53.53115892410278, 53.555155515670776, 53.24100208282471, 53.1238648891449, 53.137898683547974, 53.19080471992493]