training_time: 14.781410932540894
epoch_times: [0.7447488307952881, 0.7397992610931396, 0.7386901378631592, 0.7428252696990967, 0.7357690334320068, 0.7465596199035645, 0.7463119029998779, 0.7330875396728516, 0.7251253128051758, 0.7161087989807129, 0.7206790447235107, 0.7355854511260986, 0.7390539646148682, 0.7598550319671631, 0.7339158058166504, 0.7502861022949219, 0.7447729110717773, 0.7408609390258789, 0.7485880851745605, 0.7387878894805908]