training_time: 120.00996351242065
epoch_times: [6.006412029266357, 5.963354825973511, 5.982897520065308, 6.00472617149353, 6.072482347488403, 6.0046141147613525, 6.049321889877319, 5.994736194610596, 5.98423171043396, 6.00571608543396, 6.085425615310669, 5.909868955612183, 5.9235851764678955, 5.9797279834747314, 5.974210023880005, 5.899790287017822, 6.078100919723511, 6.040465593338013, 6.005964756011963, 6.044331312179565]