training_time: 155.78412413597107
epoch_times: [7.5715789794921875, 7.916038751602173, 7.959470987319946, 7.575662136077881, 8.078684568405151, 7.664494276046753, 7.593937158584595, 7.6372246742248535, 7.597327709197998, 7.885732173919678, 7.993407487869263, 7.550153017044067, 7.929059028625488, 7.911800384521484, 7.54140043258667, 7.960472822189331, 8.226096868515015, 7.2561938762664795, 7.6479597091674805, 8.287429094314575]