training_time: 114.38027453422546
epoch_times: [5.918245553970337, 5.676830768585205, 5.63884711265564, 5.632954359054565, 5.732492923736572, 5.774060010910034, 5.755089998245239, 5.7217512130737305, 5.735399961471558, 5.690427780151367, 5.718178987503052, 5.78067946434021, 5.702545881271362, 5.611393213272095, 5.629883289337158, 5.722764492034912, 5.690645456314087, 5.756975173950195, 5.739519119262695, 5.751589775085449]