training_time: 419.0492799282074
epoch_times: [20.82619047164917, 20.892025232315063, 21.201094150543213, 21.3426456451416, 21.721927404403687, 21.685919046401978, 21.28032946586609, 20.08705711364746, 19.917787313461304, 21.29541802406311, 21.49443554878235, 21.103551387786865, 20.102347135543823, 19.646991968154907, 20.722440004348755, 21.11737298965454, 21.156620502471924, 21.053762674331665, 21.121497869491577, 21.279865980148315]