training_time: 1199.550899028778
epoch_times: [61.699986934661865, 59.92926049232483, 59.82763147354126, 60.11704659461975, 59.74571251869202, 59.43910789489746, 59.33664011955261, 59.746683835983276, 60.08571934700012, 60.03735423088074, 60.22694373130798, 60.12643098831177, 60.03553318977356, 60.209697246551514, 59.80125164985657, 59.69431281089783, 59.91669297218323, 60.090332984924316, 59.70739960670471, 59.77716040611267]