training_time: 430.067556142807
epoch_times: [22.189725875854492, 22.2390034198761, 22.087353229522705, 21.66400957107544, 21.86324453353882, 20.30127739906311, 20.227405309677124, 20.999946355819702, 21.12817144393921, 21.230164766311646, 21.559189796447754, 20.998897314071655, 21.235869884490967, 22.026723384857178, 21.401636600494385, 21.238576412200928, 22.521067142486572, 21.7045636177063, 21.30872368812561, 22.142006397247314]