training_time: 19.756139993667603
epoch_times: [1.0004305839538574, 1.002549648284912, 0.9828810691833496, 0.9865367412567139, 0.9880468845367432, 0.9815239906311035, 0.9791111946105957, 0.9812486171722412, 0.981787919998169, 0.9812636375427246, 1.003284215927124, 0.982398509979248, 0.9839155673980713, 0.9880013465881348, 0.9796102046966553, 0.988215446472168, 0.9937927722930908, 0.997528076171875, 0.9861745834350586, 0.9878389835357666]