training_time: 15.493262767791748
epoch_times: [0.7786848545074463, 0.7686283588409424, 0.7601485252380371, 0.7757253646850586, 0.7843911647796631, 0.7542340755462646, 0.7761385440826416, 0.7772114276885986, 0.7747530937194824, 0.7775528430938721, 0.7634363174438477, 0.7836079597473145, 0.800281286239624, 0.777296781539917, 0.7671818733215332, 0.7668118476867676, 0.7644681930541992, 0.7678506374359131, 0.785999059677124, 0.788860559463501]