training_time: 20.033775091171265
epoch_times: [1.0307257175445557, 1.0206875801086426, 1.0128393173217773, 0.9996051788330078, 1.0089402198791504, 0.9816093444824219, 1.0019257068634033, 0.9951295852661133, 1.0126910209655762, 0.9898920059204102, 0.979121208190918, 1.0043299198150635, 1.0151159763336182, 1.0049078464508057, 1.0006542205810547, 0.9978115558624268, 0.990065336227417, 0.9695968627929688, 1.0046446323394775, 1.013481855392456]