training_time: 221.80770111083984
epoch_times: [10.827386617660522, 11.523292064666748, 11.82694411277771, 10.854000806808472, 11.260285139083862, 11.390739917755127, 11.106630086898804, 11.051154613494873, 10.786781787872314, 10.884008407592773, 10.798551321029663, 11.072230100631714, 11.469429016113281, 11.416207551956177, 10.687282085418701, 11.02565598487854, 11.067006349563599, 11.149940013885498, 10.644185781478882, 10.965989351272583]