training_time: 2930.602822780609
epoch_times: [144.80508494377136, 147.53492259979248, 146.38907122612, 146.70379304885864, 145.9168255329132, 147.06215381622314, 146.61607193946838, 146.29046511650085, 147.12217545509338, 146.73701071739197, 147.22934913635254, 146.43981385231018, 146.71792268753052, 146.06399250030518, 147.48734784126282, 145.85641026496887, 147.2488706111908, 145.64291286468506, 146.06309914588928, 146.67552947998047]