training_time: 59.272637128829956
epoch_times: [2.9399726390838623, 3.1205496788024902, 2.920224189758301, 2.910869598388672, 2.89475679397583, 2.9187560081481934, 2.956847906112671, 3.1288363933563232, 2.956624746322632, 2.9629712104797363, 2.961247205734253, 2.913975954055786, 2.9092116355895996, 3.0759012699127197, 2.937235116958618, 2.913754463195801, 2.935181140899658, 2.913156270980835, 2.9024658203125, 3.1000990867614746]