training_time: 418.2104158401489
epoch_times: [21.43105435371399, 22.057915210723877, 21.428982973098755, 21.336101055145264, 21.581109523773193, 21.647323608398438, 22.187628030776978, 21.869220495224, 21.479153156280518, 21.878703117370605, 21.62024474143982, 21.24608826637268, 21.4308123588562, 19.97407841682434, 19.408445119857788, 19.46670961380005, 19.487678289413452, 19.38811492919922, 19.569327116012573, 19.721725463867188]