training_time: 2989.6479041576385
epoch_times: [149.20678234100342, 150.00303530693054, 146.7650454044342, 149.86905908584595, 148.00479388237, 150.20831632614136, 147.30097913742065, 149.6941270828247, 149.97341108322144, 149.26249051094055, 150.88970279693604, 148.54445815086365, 150.5243911743164, 148.66025686264038, 151.57904291152954, 146.51568698883057, 151.3385510444641, 150.7877321243286, 151.62804746627808, 148.89199447631836]