training_time: 19.725608110427856
epoch_times: [0.9920094013214111, 0.9752154350280762, 0.9755415916442871, 0.9933116436004639, 0.9978461265563965, 0.9761464595794678, 0.9786663055419922, 0.9795093536376953, 0.982311487197876, 0.9920268058776855, 0.9909968376159668, 0.9907829761505127, 0.9835758209228516, 0.9827923774719238, 1.0048167705535889, 0.9858007431030273, 0.9843320846557617, 0.982529878616333, 0.9919376373291016, 0.9854583740234375]