training_time: 28.51287341117859
epoch_times: [1.453636884689331, 1.4274365901947021, 1.4297935962677002, 1.4165353775024414, 1.4247994422912598, 1.4318029880523682, 1.4905753135681152, 1.4052743911743164, 1.4279029369354248, 1.4180643558502197, 1.3923087120056152, 1.410322904586792, 1.4151463508605957, 1.4483909606933594, 1.4548828601837158, 1.409102439880371, 1.4253544807434082, 1.4071111679077148, 1.4170236587524414, 1.4074079990386963]