training_time: 411.32295513153076
epoch_times: [23.13686442375183, 22.083130598068237, 21.85722851753235, 21.79095220565796, 21.427647590637207, 21.45084571838379, 21.84856605529785, 22.26780939102173, 21.442697286605835, 21.403242588043213, 21.276525259017944, 19.4501850605011, 19.202028036117554, 18.826050281524658, 19.058330297470093, 18.876281261444092, 18.9350643157959, 19.012330532073975, 18.9922935962677, 18.98488211631775]