training_time: 510.18303871154785
epoch_times: [26.81312608718872, 25.721222162246704, 25.601709604263306, 26.484278440475464, 25.488462448120117, 25.413586854934692, 26.682921409606934, 25.621379852294922, 25.19181203842163, 26.111181020736694, 25.2330265045166, 25.071253538131714, 26.188390254974365, 25.536359786987305, 25.10027050971985, 26.077642679214478, 24.55669665336609, 24.450332641601562, 24.14864683151245, 24.690739393234253]