training_time: 1797.9333415031433
epoch_times: [90.43480610847473, 89.37419247627258, 90.0925087928772, 90.12098932266235, 89.83182120323181, 89.83591508865356, 89.8889627456665, 89.73986911773682, 89.687016248703, 89.77537751197815, 90.05880808830261, 89.84588122367859, 89.75309371948242, 90.26668643951416, 89.54742503166199, 89.65122818946838, 90.3159487247467, 90.12625646591187, 89.78197026252747, 89.80458474159241]