training_time: 113.58713436126709
epoch_times: [5.625437259674072, 5.706541538238525, 5.764114141464233, 5.723323345184326, 5.713587284088135, 5.724985122680664, 5.642629861831665, 5.6312010288238525, 5.632981061935425, 5.834390878677368, 5.587374925613403, 5.614607095718384, 5.921587228775024, 5.669511795043945, 5.662636756896973, 5.634760141372681, 5.623759508132935, 5.651573657989502, 5.611826658248901, 5.610305070877075]