training_time: 87.74270391464233
epoch_times: [4.40261697769165, 4.398664712905884, 4.4051830768585205, 4.400800943374634, 4.3936285972595215, 4.385729074478149, 4.388847827911377, 4.396665573120117, 4.399420261383057, 4.3822197914123535, 4.383708238601685, 4.387494087219238, 4.395322799682617, 4.392249822616577, 4.383645534515381, 4.377091884613037, 4.381929159164429, 4.374586582183838, 4.3643434047698975, 4.348555564880371]