training_time: 91.42483234405518
epoch_times: [4.652631521224976, 4.576805591583252, 4.554305791854858, 4.530365943908691, 4.568894386291504, 4.569803953170776, 4.558790445327759, 4.5831403732299805, 4.479442834854126, 4.523006439208984, 4.5585596561431885, 4.779347658157349, 4.538971900939941, 4.533752679824829, 4.476884126663208, 4.776628017425537, 4.546164512634277, 4.513438701629639, 4.556772947311401, 4.547124862670898]