training_time: 515.2901954650879
epoch_times: [24.439573764801025, 24.584285736083984, 24.157527208328247, 25.516642093658447, 26.06501317024231, 25.32328200340271, 26.321592807769775, 27.25969409942627, 26.35938024520874, 25.079508781433105, 25.193230867385864, 25.8735294342041, 25.566743850708008, 26.782214641571045, 26.423243761062622, 25.597623825073242, 26.140169143676758, 26.094204425811768, 25.801087856292725, 26.711647748947144]