training_time: 105.10493803024292
epoch_times: [5.4035255908966064, 5.1528308391571045, 5.513087272644043, 5.285280466079712, 5.177374839782715, 5.380483627319336, 5.284027099609375, 5.295000314712524, 5.066363573074341, 5.319289207458496, 5.315543174743652, 5.2725067138671875, 5.29712700843811, 5.112729549407959, 5.1395509243011475, 5.356975793838501, 5.24576997756958, 5.255487680435181, 5.09594202041626, 5.136042356491089]