training_time: 112.05993151664734
epoch_times: [5.641232490539551, 5.550292730331421, 5.591141939163208, 5.55599045753479, 5.702816009521484, 5.540756464004517, 5.566662549972534, 5.556271314620972, 5.567574977874756, 5.7079877853393555, 5.575593948364258, 5.582458019256592, 5.562356948852539, 5.55141019821167, 5.8027825355529785, 5.543648958206177, 5.635026216506958, 5.55986762046814, 5.556442737579346, 5.709617614746094]