training_time: 11.591790199279785
epoch_times: [0.6060271263122559, 0.5895686149597168, 0.5835070610046387, 0.5769951343536377, 0.5767419338226318, 0.5742058753967285, 0.5799350738525391, 0.5776481628417969, 0.5748035907745361, 0.5738217830657959, 0.5757992267608643, 0.5849094390869141, 0.5831120014190674, 0.5770537853240967, 0.5771660804748535, 0.5772533416748047, 0.5762765407562256, 0.57965087890625, 0.5730879306793213, 0.5742266178131104]