training_time: 1083.7679166793823
epoch_times: [54.4656126499176, 54.44233179092407, 54.40927815437317, 53.68892574310303, 53.690017223358154, 53.62563633918762, 56.24072980880737, 55.178945541381836, 54.38343143463135, 54.46335220336914, 54.48462104797363, 54.52897787094116, 54.40924429893494, 54.25125765800476, 52.290056228637695, 52.49365997314453, 52.72318887710571, 54.254950284957886, 55.251731872558594, 54.49196767807007]