training_time: 19.486634254455566
epoch_times: [0.980924129486084, 0.9775345325469971, 0.9704437255859375, 0.9695773124694824, 0.9816720485687256, 0.9785232543945312, 0.9780712127685547, 0.9765777587890625, 0.9732394218444824, 0.972766637802124, 0.9705381393432617, 0.9699862003326416, 0.9694855213165283, 0.9704742431640625, 0.9692461490631104, 0.973024845123291, 0.9760463237762451, 0.9815125465393066, 0.97286057472229, 0.9741296768188477]