training_time: 409.3340172767639
epoch_times: [21.615435123443604, 21.826565504074097, 22.015766620635986, 21.474570989608765, 21.52108883857727, 22.25818109512329, 21.880895853042603, 21.231335401535034, 20.20208477973938, 19.429291248321533, 19.443096160888672, 19.547611474990845, 19.578729152679443, 19.842266082763672, 19.69126844406128, 19.553113222122192, 19.552724361419678, 19.56560444831848, 19.547442197799683, 19.556946277618408]