training_time: 29.738200187683105
epoch_times: [1.5217242240905762, 1.4544944763183594, 1.4953374862670898, 1.483412742614746, 1.4948017597198486, 1.481130838394165, 1.488114356994629, 1.4768357276916504, 1.4747624397277832, 1.485938549041748, 1.4856877326965332, 1.4791078567504883, 1.4892809391021729, 1.4841270446777344, 1.4857962131500244, 1.4863150119781494, 1.5110769271850586, 1.4713134765625, 1.4891157150268555, 1.4998266696929932]