training_time: 1893.0656249523163
epoch_times: [94.22064447402954, 95.35262036323547, 95.21832418441772, 95.32616233825684, 94.8967661857605, 94.82610583305359, 94.5780234336853, 94.6707215309143, 94.15510511398315, 98.46042537689209, 98.19135928153992, 98.45542407035828, 98.82464981079102, 98.1399495601654, 98.3170235157013, 89.84875345230103, 89.60222840309143, 89.92596006393433, 90.5576651096344, 89.49771285057068]