training_time: 28.099005460739136
epoch_times: [1.424731731414795, 1.4140772819519043, 1.4089198112487793, 1.4082026481628418, 1.4008243083953857, 1.401937484741211, 1.399658203125, 1.4023187160491943, 1.3936700820922852, 1.4054179191589355, 1.3967504501342773, 1.3941259384155273, 1.400749683380127, 1.4090819358825684, 1.4153800010681152, 1.400156021118164, 1.418480634689331, 1.4016356468200684, 1.3987431526184082, 1.4041438102722168]