training_time: 115.83919930458069
epoch_times: [5.892042398452759, 5.770310640335083, 5.676753520965576, 5.734064102172852, 5.817846775054932, 5.79332709312439, 5.7630226612091064, 5.792426586151123, 5.75127387046814, 5.765204906463623, 5.774257183074951, 5.754766941070557, 5.724032163619995, 5.666811466217041, 5.698384761810303, 5.756093502044678, 5.748989105224609, 5.752239942550659, 5.75043249130249, 6.456919193267822]