training_time: 3121.5345120429993
epoch_times: [153.8911316394806, 156.15832209587097, 153.43893218040466, 156.3251132965088, 155.00139451026917, 155.8666126728058, 157.84284257888794, 158.38896107673645, 154.7207269668579, 155.7758128643036, 160.3392026424408, 155.43253803253174, 157.00892996788025, 156.55446028709412, 156.99048852920532, 154.2664511203766, 157.67643094062805, 156.31783986091614, 156.02040314674377, 153.51791763305664]