training_time: 2942.43581867218
epoch_times: [147.4809057712555, 149.10145926475525, 147.80267906188965, 148.272132396698, 148.73996567726135, 146.12682390213013, 146.9309208393097, 145.5886948108673, 147.30326795578003, 145.7553026676178, 148.00034642219543, 147.78373289108276, 146.02758073806763, 147.50316953659058, 146.00201177597046, 147.10344672203064, 146.48940896987915, 147.6862280368805, 144.06967687606812, 148.66806435585022]