training_time: 98.54177021980286
epoch_times: [4.942521810531616, 4.953190326690674, 4.919748067855835, 4.8952178955078125, 4.954630136489868, 4.922657012939453, 4.930323362350464, 4.946821689605713, 4.9200146198272705, 4.94343113899231, 4.9188172817230225, 4.894972801208496, 4.959330081939697, 4.9235827922821045, 4.904034376144409, 4.936064720153809, 4.9152092933654785, 4.919400930404663, 4.936739444732666, 4.905062437057495]