training_time: 11.508996486663818
epoch_times: [0.5857679843902588, 0.5748836994171143, 0.5727331638336182, 0.5702087879180908, 0.5781295299530029, 0.5805244445800781, 0.57431960105896, 0.5707550048828125, 0.5702824592590332, 0.572486162185669, 0.5803241729736328, 0.5875256061553955, 0.5741369724273682, 0.5836138725280762, 0.5730888843536377, 0.5723845958709717, 0.5710558891296387, 0.5750796794891357, 0.569420337677002, 0.5722756385803223]