training_time: 94.3543758392334
epoch_times: [4.582850694656372, 4.770758390426636, 4.724410057067871, 4.732649564743042, 4.7635743618011475, 4.677947044372559, 4.708736181259155, 4.632454872131348, 4.7631754875183105, 4.635331630706787, 4.6402366161346436, 4.646607398986816, 4.891940593719482, 4.698650121688843, 4.717550039291382, 4.7600624561309814, 4.815338611602783, 4.7269816398620605, 4.781380891799927, 4.683739185333252]