training_time: 434.22329354286194
epoch_times: [22.8549644947052, 22.591848373413086, 21.786015510559082, 22.319053411483765, 21.900458812713623, 22.102524042129517, 22.057459115982056, 21.647725820541382, 22.548471450805664, 21.407459259033203, 21.3039288520813, 21.732252836227417, 21.100884914398193, 20.454532146453857, 21.0310001373291, 21.28195571899414, 21.182722330093384, 21.25098443031311, 21.84715723991394, 21.821894645690918]