training_time: 1970.822613477707
epoch_times: [98.39916157722473, 97.97253131866455, 98.94467401504517, 98.47421073913574, 98.35490822792053, 98.17190957069397, 99.27319884300232, 98.21682286262512, 98.85469794273376, 98.48688054084778, 98.97424364089966, 98.95793533325195, 99.00301790237427, 98.02616882324219, 98.48701310157776, 98.86230969429016, 98.30396938323975, 98.42707633972168, 98.07346773147583, 98.55841588973999]