training_time: 519.1902933120728
epoch_times: [27.280346393585205, 27.04255199432373, 26.640111684799194, 25.97396183013916, 25.845263957977295, 25.87020230293274, 26.181763887405396, 25.76217532157898, 25.78293251991272, 25.177919387817383, 26.951341152191162, 26.159433841705322, 26.20745038986206, 26.04313850402832, 25.645359754562378, 24.646306037902832, 25.267849445343018, 25.449148654937744, 25.49902606010437, 25.764010190963745]