training_time: 15.010154485702515
epoch_times: [0.7594804763793945, 0.7574303150177002, 0.7693376541137695, 0.7540881633758545, 0.7378313541412354, 0.7422475814819336, 0.7484314441680908, 0.7544653415679932, 0.7427637577056885, 0.7450356483459473, 0.7452490329742432, 0.752629280090332, 0.7565567493438721, 0.7394635677337646, 0.7687573432922363, 0.7579636573791504, 0.7368505001068115, 0.7387881278991699, 0.7575428485870361, 0.745241641998291]