training_time: 1933.1807701587677
epoch_times: [96.7181806564331, 97.18522644042969, 96.70827293395996, 96.89729404449463, 96.7838032245636, 96.56587672233582, 96.614661693573, 96.55699610710144, 96.83036065101624, 96.57640433311462, 96.46125483512878, 96.56683206558228, 96.57308673858643, 96.5586929321289, 96.55834650993347, 96.60106015205383, 96.65054392814636, 96.55080008506775, 96.53223204612732, 96.69084405899048]