training_time: 153.24069476127625
epoch_times: [7.93154501914978, 7.293848276138306, 7.897632598876953, 7.901802062988281, 7.2469611167907715, 7.697173595428467, 8.022451400756836, 7.402570962905884, 7.870129823684692, 7.987548351287842, 7.354127407073975, 7.89410662651062, 7.7674880027771, 7.401668071746826, 7.861557722091675, 7.4492738246917725, 7.429552316665649, 7.44990611076355, 7.448986530303955, 7.9323649406433105]