training_time: 15.083570003509521
epoch_times: [0.7609140872955322, 0.753760814666748, 0.7584052085876465, 0.7572312355041504, 0.7502298355102539, 0.7482807636260986, 0.7500557899475098, 0.7640855312347412, 0.7633929252624512, 0.7612745761871338, 0.7489278316497803, 0.743321418762207, 0.7654671669006348, 0.7535605430603027, 0.7401893138885498, 0.7499158382415771, 0.7564911842346191, 0.753645658493042, 0.7471873760223389, 0.7572329044342041]