training_time: 11.555001497268677
epoch_times: [0.5983810424804688, 0.5849900245666504, 0.5964443683624268, 0.5774514675140381, 0.5755057334899902, 0.5744388103485107, 0.576775074005127, 0.584885835647583, 0.5825591087341309, 0.5765676498413086, 0.5711190700531006, 0.5717377662658691, 0.5783488750457764, 0.5710926055908203, 0.5707330703735352, 0.572749137878418, 0.5739514827728271, 0.5727977752685547, 0.5710353851318359, 0.5734372138977051]