training_time: 230.3493137359619
epoch_times: [11.528841972351074, 11.978210687637329, 11.0938081741333, 11.827677965164185, 11.717996597290039, 11.120482444763184, 11.91481351852417, 11.742244005203247, 11.289211988449097, 11.864946126937866, 11.500523090362549, 11.369343757629395, 11.744300842285156, 11.371214628219604, 11.755202531814575, 11.114947319030762, 11.185310363769531, 11.153814315795898, 11.272166728973389, 11.804256677627563]