training_time: 31.279478788375854
epoch_times: [1.5494818687438965, 1.5919270515441895, 1.599360466003418, 1.5824673175811768, 1.5366029739379883, 1.5108311176300049, 1.579559087753296, 1.630218267440796, 1.5940403938293457, 1.5726454257965088, 1.4943742752075195, 1.6119134426116943, 1.5204625129699707, 1.6125462055206299, 1.4896001815795898, 1.621361255645752, 1.6098313331604004, 1.4710803031921387, 1.5093941688537598, 1.5917811393737793]