training_time: 119.2683174610138
epoch_times: [5.912848949432373, 5.991385221481323, 5.999267101287842, 5.9766411781311035, 5.966392278671265, 5.980847358703613, 5.9067912101745605, 5.895035982131958, 5.9917449951171875, 5.982308387756348, 6.000712871551514, 5.967191696166992, 5.987879991531372, 5.986656427383423, 5.902336120605469, 5.911687135696411, 5.976207971572876, 5.978736639022827, 5.972768545150757, 5.98087739944458]