training_time: 270.4521951675415
epoch_times: [13.863940954208374, 12.937362670898438, 13.694562435150146, 13.852959394454956, 13.219326257705688, 13.745327472686768, 12.727471351623535, 13.869255781173706, 13.502583742141724, 13.677458047866821, 13.287705898284912, 12.685131072998047, 13.63724398612976, 13.094099760055542, 13.778299570083618, 13.797725200653076, 13.801868200302124, 13.841535568237305, 13.730220317840576, 13.708117485046387]