training_time: 224.21588778495789
epoch_times: [11.488848686218262, 11.726327657699585, 11.550065755844116, 11.177366971969604, 11.605434894561768, 11.183948040008545, 11.500311374664307, 11.367645263671875, 11.345994234085083, 11.435864686965942, 11.645603656768799, 10.576451301574707, 11.120737075805664, 11.404563426971436, 10.996626853942871, 10.782443523406982, 11.05948519706726, 10.897026538848877, 10.8173246383667, 10.533818006515503]