training_time: 151.8390154838562
epoch_times: [7.577617406845093, 7.604041814804077, 7.702759265899658, 7.405785799026489, 7.70867657661438, 7.714496850967407, 7.470057010650635, 7.721002101898193, 7.436918497085571, 7.3291099071502686, 7.2819743156433105, 7.492621183395386, 7.67925238609314, 7.687657833099365, 7.4232399463653564, 7.8477818965911865, 7.712141275405884, 7.2801196575164795, 7.923259973526001, 7.84050178527832]