training_time: 20.918054342269897
epoch_times: [1.0790491104125977, 1.0461459159851074, 1.0352239608764648, 1.0581185817718506, 1.0282518863677979, 1.0445280075073242, 1.0604608058929443, 1.0497291088104248, 1.0400819778442383, 1.0152654647827148, 1.043874740600586, 1.0351698398590088, 1.0478911399841309, 1.039383888244629, 1.0405158996582031, 1.0291328430175781, 1.070927381515503, 1.0704059600830078, 1.031778335571289, 1.052119493484497]