training_time: 2870.058292865753
epoch_times: [144.11234617233276, 142.9890284538269, 143.4317421913147, 143.11702346801758, 142.61108541488647, 143.85761284828186, 142.73812770843506, 143.40601301193237, 143.16494750976562, 143.18842315673828, 144.39368391036987, 143.03303003311157, 142.73014998435974, 143.45377826690674, 144.96390891075134, 143.06847023963928, 144.05899739265442, 143.38734436035156, 143.5187373161316, 144.83384251594543]