training_time: 1075.847386598587
epoch_times: [53.78469729423523, 53.72059106826782, 53.67492318153381, 53.60166811943054, 53.72179865837097, 54.0142605304718, 54.00048851966858, 53.822827100753784, 53.68610453605652, 53.660348653793335, 53.79223275184631, 53.80316710472107, 54.18188261985779, 53.78537940979004, 53.70705509185791, 53.63111639022827, 53.6769163608551, 53.52249336242676, 54.240033864974976, 53.81940197944641]