training_time: 1804.788715839386
epoch_times: [90.4701235294342, 90.36989235877991, 90.33743381500244, 90.62610960006714, 91.04974293708801, 90.40371632575989, 90.46275424957275, 90.3992223739624, 90.09674310684204, 90.75976705551147, 90.18249034881592, 90.1630220413208, 89.82135128974915, 89.9617326259613, 89.86870074272156, 89.77936625480652, 90.06770825386047, 90.4627366065979, 89.78088307380676, 89.72521924972534]