training_time: 225.53393363952637
epoch_times: [11.200361251831055, 11.333087682723999, 11.29899787902832, 11.128686904907227, 11.290505170822144, 11.346469163894653, 11.13244915008545, 11.310803651809692, 11.316307306289673, 11.386841773986816, 11.28648066520691, 11.27894115447998, 11.135542869567871, 11.535133600234985, 11.258129596710205, 11.161834478378296, 11.286741733551025, 11.304648876190186, 11.141090631484985, 11.400880098342896]