training_time: 3125.5999698638916
epoch_times: [160.94332265853882, 160.68985199928284, 159.42883944511414, 159.53570437431335, 159.5547914505005, 161.30102944374084, 163.38297724723816, 156.55997848510742, 159.526447057724, 152.87010836601257, 153.31598162651062, 153.89825963974, 153.76444029808044, 153.0683524608612, 152.4572250843048, 152.49099969863892, 153.24846005439758, 153.6504499912262, 154.97228479385376, 150.94046568870544]