training_time: 199.4645791053772
epoch_times: [9.86891508102417, 9.828606367111206, 9.929683208465576, 9.822203874588013, 9.906471014022827, 10.030187845230103, 10.101143598556519, 10.10122013092041, 10.058275699615479, 10.086982250213623, 9.929218769073486, 9.814810991287231, 10.058590173721313, 9.892091274261475, 10.05832576751709, 9.946002721786499, 9.970474481582642, 10.043838739395142, 9.945641040802002, 10.071896076202393]