training_time: 248.04455542564392
epoch_times: [12.38205599784851, 12.560750246047974, 12.43454384803772, 12.560234546661377, 12.55999493598938, 12.592669010162354, 12.047281265258789, 12.49626111984253, 12.533007383346558, 12.427715301513672, 12.420375108718872, 11.753645896911621, 12.525333642959595, 11.670783042907715, 12.51237440109253, 12.62122106552124, 12.363552808761597, 12.570571184158325, 12.611258745193481, 12.400925874710083]