training_time: 294.07137417793274
epoch_times: [14.748461961746216, 14.696966648101807, 14.701502799987793, 14.870942115783691, 14.526105642318726, 14.585678339004517, 14.59654450416565, 14.68843150138855, 14.855889320373535, 14.768620252609253, 14.857326745986938, 14.931155920028687, 14.764877080917358, 14.678130626678467, 14.561686515808105, 14.764628171920776, 14.550239562988281, 14.54764175415039, 14.634882688522339, 14.74166202545166]