training_time: 534.8066656589508
epoch_times: [29.106207132339478, 26.73909068107605, 27.135172367095947, 26.90484118461609, 25.388075351715088, 24.39034390449524, 25.018547773361206, 25.71777606010437, 27.543365478515625, 28.200392961502075, 27.59255337715149, 26.846356630325317, 26.24968957901001, 26.24544882774353, 27.166468858718872, 28.798500061035156, 26.813295364379883, 26.28803515434265, 26.345037698745728, 26.317467212677002]