training_time: 419.248895406723
epoch_times: [22.20905113220215, 21.406555891036987, 20.86184573173523, 20.79618787765503, 21.101696014404297, 20.63678002357483, 20.997514963150024, 21.056897401809692, 20.696762800216675, 20.948225736618042, 20.889562606811523, 19.006466388702393, 20.98872184753418, 21.02265763282776, 20.784667015075684, 20.63424801826477, 21.091052293777466, 20.762160062789917, 21.78061556816101, 21.577226400375366]