training_time: 120.60023975372314
epoch_times: [6.126459836959839, 6.07112717628479, 6.014791965484619, 6.035832166671753, 6.05000376701355, 5.9052345752716064, 5.979899644851685, 6.081230640411377, 5.945139408111572, 5.939842224121094, 6.0697386264801025, 6.118535995483398, 6.014756202697754, 6.118392467498779, 6.0246946811676025, 6.033007860183716, 5.982360601425171, 6.046472787857056, 6.0049333572387695, 6.037785768508911]