training_time: 430.6300003528595
epoch_times: [22.052387237548828, 22.10854172706604, 21.86686086654663, 21.75212025642395, 21.577033281326294, 21.486366510391235, 21.20558452606201, 20.90777826309204, 20.489265203475952, 21.357131004333496, 21.94134831428528, 21.767260313034058, 21.448614835739136, 21.30733370780945, 21.461395978927612, 21.419198274612427, 21.31896209716797, 21.94551968574524, 21.769875049591064, 21.447423219680786]