training_time: 2915.516227722168
epoch_times: [146.9009873867035, 146.61030793190002, 146.94924211502075, 146.44323921203613, 147.61408233642578, 146.8812825679779, 147.5965220928192, 147.11448526382446, 145.9699046611786, 146.7350778579712, 146.6339647769928, 144.3879532814026, 144.7565426826477, 143.68394112586975, 143.47301077842712, 145.61996054649353, 144.45315504074097, 144.40194058418274, 144.49748873710632, 144.7931387424469]