training_time: 226.01427102088928
epoch_times: [11.264781475067139, 11.12552261352539, 11.337217807769775, 11.285520553588867, 11.092106819152832, 11.323331356048584, 11.47734260559082, 11.235743284225464, 11.29958701133728, 11.514209985733032, 11.292531490325928, 11.174655199050903, 11.56905746459961, 11.2555832862854, 11.117833375930786, 11.367103099822998, 11.31204628944397, 11.118603706359863, 11.355595350265503, 11.495898246765137]