training_time: 274.14373803138733
epoch_times: [13.855147123336792, 12.860604524612427, 13.853729963302612, 13.710567951202393, 13.674038648605347, 13.889153480529785, 13.86832857131958, 13.813138008117676, 13.808590650558472, 13.657707214355469, 13.876317501068115, 13.636746168136597, 13.934932947158813, 13.643953561782837, 13.725895166397095, 13.816014051437378, 13.741401195526123, 13.571266651153564, 13.661325693130493, 13.544878959655762]