training_time: 1945.4772033691406
epoch_times: [95.89937829971313, 95.70785617828369, 95.74408197402954, 95.89253997802734, 95.79577541351318, 95.47456383705139, 96.02055525779724, 97.24712324142456, 97.87590956687927, 98.37145233154297, 98.57280039787292, 98.46229434013367, 98.480295419693, 98.39360976219177, 98.31312274932861, 98.35436701774597, 98.09993648529053, 98.17383027076721, 97.3025951385498, 97.29511570930481]