training_time: 55.1465904712677
epoch_times: [2.7638864517211914, 2.741849184036255, 2.752615213394165, 2.7658729553222656, 2.764413595199585, 2.762023687362671, 2.7578201293945312, 2.7503387928009033, 2.754147529602051, 2.767298936843872, 2.764869451522827, 2.7555644512176514, 2.752955198287964, 2.758737087249756, 2.7568438053131104, 2.7620086669921875, 2.7572784423828125, 2.7555110454559326, 2.7497901916503906, 2.752765655517578]