training_time: 184.1433882713318
epoch_times: [9.286456823348999, 9.098287343978882, 9.19366455078125, 9.209208488464355, 9.221549034118652, 9.255573749542236, 9.265908241271973, 9.215216398239136, 9.101255416870117, 9.136175632476807, 9.23975133895874, 9.257381200790405, 9.250645637512207, 9.235018014907837, 9.252444505691528, 9.099414587020874, 9.081652164459229, 9.268337965011597, 9.218902111053467, 9.256545066833496]