training_time: 1164.5161967277527
epoch_times: [57.94413757324219, 58.138598680496216, 58.14823317527771, 58.143502950668335, 58.10667634010315, 58.56542658805847, 58.40785074234009, 58.432984590530396, 57.960848569869995, 58.02865242958069, 57.9878613948822, 58.01985478401184, 58.09192872047424, 58.199867725372314, 58.077436447143555, 58.44049596786499, 58.37947607040405, 58.64286708831787, 58.269901752471924, 58.529595136642456]