training_time: 514.1070749759674
epoch_times: [28.552112817764282, 26.020766735076904, 25.24656391143799, 24.881823778152466, 25.02269959449768, 24.734187364578247, 24.469669818878174, 24.73612952232361, 25.108229875564575, 25.398751258850098, 25.502573013305664, 25.71226406097412, 26.38898205757141, 26.426939964294434, 25.706807613372803, 25.57628631591797, 25.56140446662903, 25.726857900619507, 26.843382835388184, 26.490642070770264]