training_time: 1093.3634386062622
epoch_times: [55.268441677093506, 55.191129207611084, 55.1003475189209, 53.98283624649048, 53.75428795814514, 53.63138127326965, 54.64242339134216, 55.409294843673706, 54.73723483085632, 54.79850196838379, 54.820852279663086, 54.87158226966858, 54.875553369522095, 54.792232275009155, 53.2545382976532, 53.76607131958008, 55.78567147254944, 54.9803102016449, 54.83410143852234, 54.8666467666626]