training_time: 506.30261063575745
epoch_times: [23.917415142059326, 23.664031267166138, 23.690670490264893, 26.87830662727356, 25.80048704147339, 25.624417543411255, 25.155390977859497, 24.834619283676147, 25.142627239227295, 25.343876361846924, 25.27653670310974, 25.212183237075806, 25.418562173843384, 25.16966485977173, 25.417723655700684, 25.956576585769653, 25.96004629135132, 26.189662218093872, 25.87951350212097, 25.770299434661865]