training_time: 521.1100606918335
epoch_times: [26.35656976699829, 26.176569938659668, 26.39237356185913, 25.958685636520386, 25.80350971221924, 26.045918941497803, 26.10025644302368, 25.743342876434326, 25.971214056015015, 26.14747714996338, 26.260098218917847, 26.14601707458496, 25.875768661499023, 26.01121497154236, 26.502559900283813, 26.587794542312622, 26.04596781730652, 25.46072769165039, 25.615877151489258, 25.908116579055786]