training_time: 399.74215364456177
epoch_times: [21.825588703155518, 21.625571489334106, 21.835022687911987, 22.14316463470459, 20.816486597061157, 19.697035551071167, 19.578436851501465, 19.456819534301758, 19.48163914680481, 19.37579607963562, 19.489064693450928, 19.38479232788086, 19.394239902496338, 19.456064701080322, 19.28042483329773, 19.261560440063477, 19.367635011672974, 19.401118993759155, 19.49427890777588, 19.37741255760193]