training_time: 436.46034693717957
epoch_times: [22.618353843688965, 21.04806613922119, 21.142358541488647, 21.607543468475342, 22.58316135406494, 22.753299474716187, 22.058489561080933, 20.877853393554688, 20.893434286117554, 21.382959365844727, 21.64155912399292, 23.188321590423584, 22.077295064926147, 21.220317602157593, 21.585087537765503, 21.549556255340576, 22.105225324630737, 21.936466217041016, 22.332438945770264, 21.85855984687805]