training_time: 430.42897486686707
epoch_times: [22.55672001838684, 22.032226085662842, 21.542611598968506, 21.64565086364746, 21.713061094284058, 21.75576686859131, 22.153661012649536, 21.76546359062195, 21.52944540977478, 21.532307386398315, 21.34738826751709, 21.508315563201904, 20.73964810371399, 19.572053909301758, 21.261402130126953, 21.32097578048706, 21.404492616653442, 21.519488096237183, 21.573821306228638, 21.954475164413452]