training_time: 502.48636269569397
epoch_times: [24.886395931243896, 25.354105234146118, 25.549285888671875, 25.755199193954468, 25.648348093032837, 25.535808801651, 25.568787336349487, 25.75497531890869, 25.409090757369995, 25.63162922859192, 25.62201189994812, 25.789408683776855, 25.453316926956177, 25.565186500549316, 25.321746826171875, 24.572190046310425, 22.950199365615845, 23.793347597122192, 24.172577619552612, 24.152751445770264]