training_time: 3112.008591890335
epoch_times: [177.0200276374817, 172.10095810890198, 155.78846621513367, 155.87610268592834, 149.48286271095276, 154.0924265384674, 154.136545419693, 153.8437488079071, 152.21221661567688, 152.6829376220703, 152.65955543518066, 150.9315915107727, 154.02178692817688, 150.2592315673828, 153.47341179847717, 151.33468651771545, 153.4045102596283, 151.94169521331787, 160.59216117858887, 156.15366911888123]