training_time: 432.9997925758362
epoch_times: [21.264471769332886, 21.246335744857788, 21.758010149002075, 22.35379719734192, 22.415146112442017, 21.677417039871216, 21.351259231567383, 21.260188579559326, 21.497760772705078, 21.69866943359375, 21.939714193344116, 21.630722284317017, 21.33241891860962, 19.601827383041382, 22.622879028320312, 22.45213294029236, 22.00103759765625, 21.878361225128174, 21.651947259902954, 21.36569571495056]