training_time: 22.20596742630005
epoch_times: [1.129551887512207, 1.108936071395874, 1.1057884693145752, 1.1097025871276855, 1.1196398735046387, 1.1151158809661865, 1.108229398727417, 1.1044952869415283, 1.094130277633667, 1.1105144023895264, 1.1041784286499023, 1.1078932285308838, 1.1061863899230957, 1.1080396175384521, 1.121178388595581, 1.119288682937622, 1.120671272277832, 1.1142711639404297, 1.096334457397461, 1.1018216609954834]