training_time: 22.298935890197754
epoch_times: [1.1126813888549805, 1.1235404014587402, 1.1193480491638184, 1.1086037158966064, 1.1252596378326416, 1.1148297786712646, 1.1161963939666748, 1.1010093688964844, 1.1043825149536133, 1.115504503250122, 1.098992109298706, 1.1241185665130615, 1.1234350204467773, 1.1201074123382568, 1.1238079071044922, 1.1028025150299072, 1.0985090732574463, 1.1090624332427979, 1.1255123615264893, 1.131232738494873]