training_time: 1851.61856675148
epoch_times: [96.6364893913269, 96.44699788093567, 96.22653794288635, 96.28108763694763, 96.82276105880737, 96.93408417701721, 96.3636703491211, 93.8117663860321, 93.56155967712402, 91.88350892066956, 90.41028070449829, 90.47757530212402, 90.56810307502747, 89.521066904068, 89.24359941482544, 89.3978967666626, 89.33916091918945, 89.30043244361877, 89.38867092132568, 89.00331687927246]