training_time: 103.62193059921265
epoch_times: [5.194283485412598, 5.131898641586304, 5.139635324478149, 5.138819932937622, 5.125277280807495, 5.11082649230957, 5.367556095123291, 5.129805564880371, 5.146600961685181, 5.15444016456604, 5.15268874168396, 5.120384693145752, 5.147791862487793, 5.544842720031738, 5.152630090713501, 5.140225410461426, 5.154729604721069, 5.134873390197754, 5.195765972137451, 5.238854169845581]