training_time: 1971.2648622989655
epoch_times: [98.53684067726135, 98.31076526641846, 98.76428937911987, 98.69394016265869, 98.42205214500427, 98.70562362670898, 98.36211442947388, 98.81327891349792, 98.43271493911743, 98.70664548873901, 98.5640549659729, 98.33427333831787, 98.59332323074341, 98.4246039390564, 98.67019844055176, 98.59213709831238, 98.48197960853577, 98.3572404384613, 98.60200619697571, 98.89678001403809]