training_time: 140.71311902999878
epoch_times: [7.052355527877808, 7.041147470474243, 7.048784017562866, 7.032689094543457, 7.039257764816284, 7.038169860839844, 7.037386894226074, 7.046546697616577, 7.046152830123901, 7.053920030593872, 7.04140567779541, 7.022462844848633, 7.028564691543579, 7.027659177780151, 7.021160125732422, 7.02552604675293, 7.0364251136779785, 7.024805545806885, 7.021087169647217, 7.0276124477386475]