training_time: 2963.553501367569
epoch_times: [146.58595275878906, 148.02425026893616, 146.948912858963, 150.90389275550842, 146.7865731716156, 148.68412733078003, 148.09002947807312, 147.6339771747589, 150.8701629638672, 147.17868089675903, 148.96622896194458, 146.87933373451233, 148.62064361572266, 146.86678981781006, 148.82408356666565, 147.53533577919006, 148.02234196662903, 148.57882356643677, 147.60083866119385, 149.95252203941345]