training_time: 429.30399537086487
epoch_times: [21.613815546035767, 21.904699087142944, 22.0156090259552, 21.262019157409668, 21.68789577484131, 21.893869400024414, 20.980144262313843, 20.51170516014099, 21.096057891845703, 21.18332815170288, 21.536661863327026, 21.592501878738403, 21.203680992126465, 21.486040353775024, 21.688520908355713, 22.22964072227478, 21.81587862968445, 20.831352472305298, 21.32611346244812, 21.44446063041687]