training_time: 59.523289918899536
epoch_times: [3.0292749404907227, 2.9692678451538086, 2.957597255706787, 2.9736697673797607, 2.969886541366577, 2.9497835636138916, 2.9666037559509277, 2.976905107498169, 2.9745969772338867, 2.992396354675293, 2.9339473247528076, 2.9801247119903564, 2.9711668491363525, 2.97383451461792, 3.0725114345550537, 2.9880783557891846, 2.9548733234405518, 2.977102518081665, 2.9760348796844482, 2.935633897781372]