training_time: 435.1947703361511
epoch_times: [21.985961437225342, 21.851958990097046, 22.20821475982666, 22.093195915222168, 22.04184889793396, 21.55846357345581, 21.621452808380127, 21.638750791549683, 21.771681785583496, 22.174028873443604, 21.855560541152954, 21.88534426689148, 20.6740243434906, 20.690756797790527, 21.9755916595459, 21.652864933013916, 22.304264783859253, 21.93706488609314, 21.672300100326538, 21.60144019126892]