training_time: 395.9801230430603
epoch_times: [19.56365203857422, 19.429828643798828, 19.410657167434692, 19.55056405067444, 19.58464503288269, 19.84348964691162, 19.69092059135437, 19.553702354431152, 19.554301023483276, 19.556877374649048, 19.550734996795654, 19.552728414535522, 19.878614902496338, 19.961578607559204, 19.87482452392578, 19.649803638458252, 19.431344985961914, 20.753102779388428, 20.908806562423706, 20.679945707321167]