training_time: 21.845515251159668
epoch_times: [1.047647476196289, 1.1373567581176758, 1.1375975608825684, 1.1320013999938965, 1.1286983489990234, 0.9985432624816895, 1.0033130645751953, 1.117699146270752, 1.1364772319793701, 1.1330037117004395, 1.1388306617736816, 1.0021083354949951, 0.9981927871704102, 1.1296255588531494, 1.1180493831634521, 1.1139435768127441, 1.115694522857666, 1.1086137294769287, 1.125382423400879, 1.0227363109588623]