training_time: 202.0078992843628
epoch_times: [9.949926376342773, 9.971863746643066, 9.978606224060059, 10.181288242340088, 10.125822305679321, 10.137506008148193, 10.165037155151367, 10.068958044052124, 9.986063241958618, 10.005433797836304, 9.999675035476685, 10.158609390258789, 10.090933322906494, 10.141931056976318, 10.168091058731079, 10.19301962852478, 10.165452480316162, 10.14166784286499, 10.243101358413696, 10.134912967681885]