training_time: 22.725391149520874
epoch_times: [1.1322426795959473, 1.1283531188964844, 1.129173994064331, 1.1241450309753418, 1.1223814487457275, 1.1176340579986572, 1.1114861965179443, 1.1317145824432373, 1.1302025318145752, 1.1409668922424316, 1.1235923767089844, 1.2361531257629395, 1.1641063690185547, 1.1958906650543213, 1.1267280578613281, 1.1213741302490234, 1.1269214153289795, 1.1194310188293457, 1.1177139282226562, 1.1251795291900635]