training_time: 89.65662670135498
epoch_times: [4.465022563934326, 4.440102815628052, 4.443713665008545, 4.426255702972412, 4.408694744110107, 4.400261163711548, 4.4079577922821045, 4.398704528808594, 4.3895933628082275, 4.401399612426758, 4.405713081359863, 4.398504972457886, 4.39068078994751, 4.413058519363403, 4.684405088424683, 4.681798219680786, 4.609461307525635, 4.64075779914856, 4.683570146560669, 4.5669708251953125]