training_time: 504.5794234275818
epoch_times: [23.168311595916748, 23.66571354866028, 23.662885904312134, 23.5391104221344, 23.691906213760376, 23.592278480529785, 26.97010827064514, 26.414262056350708, 26.250916719436646, 26.449273586273193, 27.48175549507141, 26.08735156059265, 25.268311977386475, 25.273468017578125, 25.309303760528564, 25.37142539024353, 25.36006236076355, 25.20003080368042, 25.94292950630188, 25.88001775741577]