training_time: 224.37738728523254
epoch_times: [11.12076473236084, 11.236165046691895, 11.394058465957642, 11.145781517028809, 11.250107526779175, 11.19739842414856, 11.236438989639282, 11.25536060333252, 11.141260862350464, 11.458383560180664, 11.123470544815063, 11.107879638671875, 11.25393557548523, 11.115878820419312, 11.200225353240967, 11.267220735549927, 11.060327529907227, 11.223585605621338, 11.281985998153687, 11.307157754898071]