training_time: 89.58098030090332
epoch_times: [4.51060676574707, 4.454704761505127, 4.445035696029663, 4.48279070854187, 4.4714438915252686, 4.471473217010498, 4.457013130187988, 4.460918188095093, 4.432381868362427, 4.458418607711792, 4.5147175788879395, 4.4692792892456055, 4.477569580078125, 4.472214937210083, 4.4668262004852295, 4.436148166656494, 4.5136449337005615, 4.50040602684021, 4.538299560546875, 4.5470871925354]