training_time: 29.542556524276733
epoch_times: [1.451233148574829, 1.4436182975769043, 1.4405856132507324, 1.4545118808746338, 1.411492109298706, 1.4457690715789795, 1.4403386116027832, 1.4460065364837646, 1.4454751014709473, 1.447169303894043, 1.4545245170593262, 1.4468486309051514, 1.4596991539001465, 1.4654653072357178, 1.4814209938049316, 1.4764580726623535, 1.5933866500854492, 1.5586254596710205, 1.5800342559814453, 1.5998938083648682]