training_time: 443.2270109653473
epoch_times: [22.809561252593994, 22.289613008499146, 22.436314344406128, 22.652024745941162, 22.66370964050293, 22.438552618026733, 22.56734323501587, 22.382494688034058, 22.0338351726532, 22.199540615081787, 21.834199905395508, 22.35106325149536, 21.55092453956604, 20.508607864379883, 21.957037448883057, 22.1151123046875, 21.96041202545166, 21.567505359649658, 22.447765350341797, 22.46139359474182]