training_time: 99.3444471359253
epoch_times: [5.0433189868927, 4.922777414321899, 4.955157041549683, 4.955562353134155, 4.92206072807312, 4.979817152023315, 4.930694580078125, 4.924859046936035, 4.929327011108398, 4.939348220825195, 5.225188970565796, 4.9507904052734375, 4.929353475570679, 4.948782205581665, 4.932714223861694, 4.9893388748168945, 4.994277477264404, 4.955145835876465, 4.974099636077881, 4.94183349609375]