training_time: 17.736829042434692
epoch_times: [0.8922638893127441, 0.8910322189331055, 0.8878602981567383, 0.8795034885406494, 0.8806619644165039, 0.8820130825042725, 0.8806333541870117, 0.880486249923706, 0.8970012664794922, 0.883234977722168, 0.8825705051422119, 0.8889977931976318, 0.8849761486053467, 0.8801002502441406, 0.8818979263305664, 0.8936231136322021, 0.889899492263794, 0.906012773513794, 0.8804242610931396, 0.8936359882354736]