training_time: 101.28450012207031
epoch_times: [5.026974201202393, 5.233649253845215, 5.026705265045166, 5.041438579559326, 5.035034656524658, 5.031124591827393, 5.022042274475098, 5.029614448547363, 5.263168811798096, 4.9970176219940186, 5.01772928237915, 5.022547721862793, 5.007612943649292, 5.0086729526519775, 5.0232203006744385, 5.239207744598389, 5.066121339797974, 5.070851564407349, 5.049360990524292, 5.072405576705933]