training_time: 54.69010782241821
epoch_times: [2.74175763130188, 2.7445318698883057, 2.7363924980163574, 2.736034631729126, 2.73880672454834, 2.729708671569824, 2.7325806617736816, 2.7330873012542725, 2.7355213165283203, 2.7339930534362793, 2.731966972351074, 2.731203556060791, 2.725381851196289, 2.7352285385131836, 2.729267120361328, 2.734022617340088, 2.74003005027771, 2.7352821826934814, 2.7386350631713867, 2.726675510406494]