training_time: 288.66897082328796
epoch_times: [14.32247281074524, 14.160000085830688, 14.78995943069458, 14.45552945137024, 14.430731058120728, 14.460792303085327, 14.570488691329956, 14.585350513458252, 14.43813705444336, 14.433473110198975, 14.334623336791992, 14.919495820999146, 14.433520555496216, 14.397471904754639, 14.469847440719604, 14.399449110031128, 14.3593270778656, 14.278586387634277, 14.23269271850586, 14.197021961212158]