training_time: 58.750019550323486
epoch_times: [3.041149854660034, 2.9348902702331543, 2.9298954010009766, 2.9050204753875732, 2.8861753940582275, 2.901995897293091, 3.0138092041015625, 2.924957513809204, 2.90265154838562, 2.945061445236206, 2.949207067489624, 2.938262939453125, 3.011746644973755, 2.950150966644287, 2.9184091091156006, 2.899170398712158, 2.9062485694885254, 2.9033639430999756, 2.9584343433380127, 2.9294185638427734]