training_time: 1941.4568378925323
epoch_times: [101.50323748588562, 101.14696669578552, 100.85644054412842, 100.34539723396301, 99.96716570854187, 99.64659285545349, 99.58072137832642, 99.67046642303467, 99.28307723999023, 98.86942172050476, 96.38742208480835, 96.53188967704773, 95.66482090950012, 97.26975321769714, 94.38828015327454, 92.38698744773865, 92.52877902984619, 92.44966673851013, 92.32187056541443, 90.65788078308105]