training_time: 291.04917645454407
epoch_times: [14.612884759902954, 14.938873529434204, 14.821890115737915, 14.91264271736145, 14.420217514038086, 14.794405460357666, 14.405683279037476, 14.744689464569092, 14.749154567718506, 14.636824369430542, 14.325701713562012, 14.346219062805176, 14.321308851242065, 14.3091299533844, 14.315436363220215, 14.330743074417114, 14.63106369972229, 14.345209836959839, 14.73877763748169, 14.348320484161377]