training_time: 2895.903101205826
epoch_times: [151.39907312393188, 155.79685258865356, 149.66802716255188, 141.12235403060913, 141.18434476852417, 142.78922700881958, 145.9323012828827, 145.69118666648865, 145.49683380126953, 146.52482414245605, 151.72191882133484, 146.1600739955902, 140.59927082061768, 140.67920064926147, 140.82823276519775, 140.98802018165588, 141.1311023235321, 141.18171525001526, 143.6418116092682, 143.36673021316528]