training_time: 118.34470748901367
epoch_times: [6.009400367736816, 5.945682764053345, 5.937411785125732, 5.954808473587036, 5.7462921142578125, 5.783238172531128, 5.882385969161987, 6.035135507583618, 6.0333921909332275, 5.94517707824707, 5.9132490158081055, 5.9773478507995605, 5.929427146911621, 6.004735946655273, 5.9654529094696045, 5.7478883266448975, 5.736132860183716, 5.884874582290649, 5.922996759414673, 5.989677667617798]