training_time: 152.10464787483215
epoch_times: [7.609314441680908, 7.594213962554932, 7.601776838302612, 7.608737945556641, 7.595420598983765, 7.576617956161499, 7.608213186264038, 7.608144283294678, 7.582210063934326, 7.610042572021484, 7.602075815200806, 7.593278169631958, 7.594172239303589, 7.591368913650513, 7.5918519496917725, 7.587813854217529, 7.770604848861694, 7.590490818023682, 7.586159944534302, 7.602139472961426]