training_time: 117.60726618766785
epoch_times: [5.656590461730957, 5.64859676361084, 6.393452167510986, 5.653804779052734, 6.583831548690796, 5.644411087036133, 5.666365146636963, 5.6700599193573, 6.663514614105225, 5.663104057312012, 5.657444953918457, 5.703154802322388, 5.684331655502319, 5.748768329620361, 5.605172395706177, 5.6102190017700195, 6.66083836555481, 6.345860004425049, 5.688183784484863, 5.659562349319458]