training_time: 513.1202456951141
epoch_times: [25.3542263507843, 25.69348454475403, 25.638291358947754, 25.60441303253174, 25.375972747802734, 25.83945345878601, 25.696552276611328, 25.387742042541504, 25.77985644340515, 25.746651887893677, 25.598201274871826, 25.37765598297119, 25.74626898765564, 25.96823000907898, 26.846477031707764, 25.21361517906189, 24.229597806930542, 25.539337158203125, 26.08097004890442, 26.403248071670532]