training_time: 418.97354459762573
epoch_times: [20.777262687683105, 20.95424771308899, 21.141029596328735, 20.94721531867981, 21.454696893692017, 21.174150705337524, 21.136564016342163, 21.0782413482666, 21.26361608505249, 21.217008590698242, 21.398432731628418, 21.447318077087402, 20.283710479736328, 19.55819296836853, 20.423469066619873, 20.530073642730713, 21.16992497444153, 21.284608125686646, 20.947343587875366, 20.78643798828125]