training_time: 291.3768334388733
epoch_times: [14.887300968170166, 14.895506381988525, 14.555123090744019, 14.735154628753662, 14.546221733093262, 14.495573997497559, 14.497663259506226, 14.460403203964233, 14.498804330825806, 14.480086088180542, 14.484943151473999, 14.542558908462524, 14.736786603927612, 14.433586359024048, 14.313206434249878, 14.504433393478394, 14.501802444458008, 14.539531469345093, 14.5768883228302, 14.691258668899536]