training_time: 444.5360436439514
epoch_times: [24.03227925300598, 22.38019037246704, 22.68839144706726, 21.824114084243774, 22.137117624282837, 21.81503391265869, 21.702569484710693, 21.911979913711548, 21.8574435710907, 22.404922008514404, 22.289655447006226, 22.78044319152832, 19.894817352294922, 21.216058254241943, 21.681633710861206, 21.78368377685547, 22.06960964202881, 23.354005336761475, 23.150185108184814, 23.561910152435303]