training_time: 19.49004817008972
epoch_times: [0.9877543449401855, 0.9731602668762207, 0.972745418548584, 0.9710676670074463, 0.971653938293457, 0.9708075523376465, 0.9711787700653076, 0.9721152782440186, 0.9794373512268066, 0.9714810848236084, 0.9725568294525146, 0.9722230434417725, 0.9696149826049805, 0.9737589359283447, 0.9788727760314941, 0.9752621650695801, 0.9778788089752197, 0.9809677600860596, 0.9695746898651123, 0.9779365062713623]