training_time: 1794.1871140003204
epoch_times: [89.63428974151611, 89.84997797012329, 89.62612867355347, 89.48728799819946, 89.5261538028717, 89.60526752471924, 89.77454328536987, 89.56753182411194, 89.6537983417511, 89.6781964302063, 89.32661414146423, 89.12258911132812, 90.52503514289856, 90.28040409088135, 89.62028169631958, 89.90671229362488, 89.74008655548096, 89.86811971664429, 89.70183181762695, 89.69226384162903]