training_time: 1922.7497839927673
epoch_times: [96.5948555469513, 96.06300592422485, 96.11707901954651, 96.16251349449158, 96.05372333526611, 96.12024879455566, 96.08552265167236, 96.11913442611694, 96.46222162246704, 96.07239198684692, 96.07237195968628, 96.11922979354858, 96.06858897209167, 96.00996589660645, 96.0290756225586, 96.11449193954468, 96.06752634048462, 96.05894374847412, 96.31808114051819, 96.04081177711487]