training_time: 151.20205736160278
epoch_times: [7.372312068939209, 7.270994424819946, 7.721208333969116, 7.797372102737427, 7.329679727554321, 7.791753053665161, 7.788793087005615, 7.299868822097778, 7.734803199768066, 7.827656030654907, 7.316214084625244, 7.82790470123291, 7.8014137744903564, 7.256572723388672, 7.622117757797241, 7.730255603790283, 7.307761192321777, 7.733038902282715, 7.346133470535278, 7.326204299926758]