training_time: 1899.7651970386505
epoch_times: [101.67099189758301, 100.98580646514893, 99.92537093162537, 92.2710268497467, 94.01352071762085, 94.36891341209412, 93.95810675621033, 94.58829975128174, 94.43428659439087, 94.00919270515442, 95.072429895401, 94.2890956401825, 94.13916540145874, 93.73513913154602, 93.76188945770264, 94.58460903167725, 93.11226630210876, 93.30933332443237, 93.80432367324829, 93.73142910003662]