training_time: 1187.9954493045807
epoch_times: [59.46619176864624, 59.518134355545044, 61.243242263793945, 59.83470439910889, 60.06800556182861, 60.042715549468994, 59.67959022521973, 60.290170669555664, 60.938071727752686, 59.623241662979126, 58.7287495136261, 58.78282403945923, 58.80988526344299, 59.20916533470154, 58.58945393562317, 58.68347954750061, 58.59657645225525, 58.67176699638367, 58.60399627685547, 58.61548376083374]