training_time: 11.626086950302124
epoch_times: [0.602928638458252, 0.5814416408538818, 0.5805187225341797, 0.5806570053100586, 0.5798213481903076, 0.5779039859771729, 0.578758955001831, 0.5795955657958984, 0.5837254524230957, 0.580007791519165, 0.5789868831634521, 0.5817298889160156, 0.5788028240203857, 0.5774021148681641, 0.5852537155151367, 0.5773138999938965, 0.5770256519317627, 0.581169605255127, 0.5768568515777588, 0.586186408996582]