training_time: 20.74641227722168
epoch_times: [1.0414369106292725, 1.0433683395385742, 1.0437290668487549, 1.032571792602539, 1.0364139080047607, 1.018195629119873, 1.0563983917236328, 1.0497751235961914, 1.016770601272583, 1.0298056602478027, 1.0299358367919922, 1.0519640445709229, 1.0394444465637207, 1.0296952724456787, 1.0292339324951172, 1.0400803089141846, 1.0327184200286865, 1.0498850345611572, 1.042553186416626, 1.0324363708496094]