training_time: 186.52825379371643
epoch_times: [9.684553623199463, 10.04475736618042, 9.368649959564209, 9.952837705612183, 9.541801452636719, 9.259819269180298, 9.142373323440552, 9.039648056030273, 9.045088291168213, 9.126989364624023, 9.13653016090393, 9.218407392501831, 9.222745418548584, 9.087234735488892, 9.182061910629272, 9.224040508270264, 9.317386388778687, 9.321430683135986, 9.280620098114014, 9.331278085708618]