training_time: 30.219591856002808
epoch_times: [1.503523588180542, 1.5085504055023193, 1.4940741062164307, 1.4901831150054932, 1.4941089153289795, 1.639571189880371, 1.5000874996185303, 1.4951269626617432, 1.494098424911499, 1.4963974952697754, 1.4902474880218506, 1.4893152713775635, 1.513124942779541, 1.4822208881378174, 1.488962173461914, 1.6530652046203613, 1.4983532428741455, 1.4860339164733887, 1.507753610610962, 1.49479341506958]