training_time: 282.1309962272644
epoch_times: [14.04138708114624, 13.959187984466553, 14.072998285293579, 14.157927513122559, 14.04788327217102, 14.045529842376709, 14.237957239151001, 14.111973285675049, 14.213542461395264, 13.965697765350342, 14.084909677505493, 14.087363958358765, 14.178483247756958, 14.120115756988525, 14.12767243385315, 14.192867517471313, 14.032695055007935, 14.127806425094604, 14.026381492614746, 14.2986159324646]