training_time: 203.18702125549316
epoch_times: [10.162753820419312, 10.234037399291992, 10.149320363998413, 10.186196088790894, 10.250129699707031, 9.995791912078857, 9.974923610687256, 10.094975471496582, 10.18307614326477, 10.189209699630737, 10.129655122756958, 10.212106943130493, 10.120173215866089, 10.18428111076355, 10.296722173690796, 10.13106656074524, 10.186453580856323, 10.126234531402588, 10.216581583023071, 10.163332223892212]