training_time: 30.44371223449707
epoch_times: [1.5112311840057373, 1.5031545162200928, 1.5090394020080566, 1.519256830215454, 1.506943941116333, 1.4966447353363037, 1.492356538772583, 1.5093114376068115, 1.5084350109100342, 1.5022509098052979, 1.5035359859466553, 1.5049281120300293, 1.4977622032165527, 1.5027122497558594, 1.5386605262756348, 1.6565306186676025, 1.509002447128296, 1.652169942855835, 1.5112781524658203, 1.508507490158081]