training_time: 1739.1516823768616
epoch_times: [87.71210432052612, 87.15367722511292, 87.02396941184998, 86.96833395957947, 87.61533856391907, 86.97896432876587, 86.70351767539978, 86.66002750396729, 87.1546676158905, 86.84971451759338, 86.72022438049316, 86.68203854560852, 86.9922730922699, 86.99233603477478, 86.75469541549683, 86.66708469390869, 86.51632571220398, 87.29483032226562, 86.81107711791992, 86.9004819393158]