training_time: 433.1502845287323
epoch_times: [21.601104021072388, 21.672317266464233, 21.874665021896362, 21.87305188179016, 21.836257696151733, 21.70390033721924, 22.32988142967224, 21.781461000442505, 21.983153820037842, 21.750633001327515, 22.126376390457153, 21.4273943901062, 20.69986844062805, 19.76161813735962, 21.652252435684204, 21.465745210647583, 21.97208333015442, 22.23113203048706, 21.68618154525757, 21.72120714187622]