training_time: 11.618277788162231
epoch_times: [0.5946464538574219, 0.5763144493103027, 0.5793800354003906, 0.5803122520446777, 0.5768237113952637, 0.5801692008972168, 0.5783929824829102, 0.5783894062042236, 0.5801997184753418, 0.5857248306274414, 0.5759456157684326, 0.579852819442749, 0.5756974220275879, 0.5768518447875977, 0.5813360214233398, 0.5788524150848389, 0.5808658599853516, 0.5918707847595215, 0.5811238288879395, 0.5855281352996826]