training_time: 90.1483371257782
epoch_times: [4.513756990432739, 4.509859800338745, 4.5606303215026855, 4.6072351932525635, 4.488138914108276, 4.511231184005737, 4.469465970993042, 4.500888824462891, 4.492367267608643, 4.5619213581085205, 4.506857395172119, 4.4971466064453125, 4.504061460494995, 4.511196613311768, 4.473523139953613, 4.5033698081970215, 4.49131441116333, 4.4504172801971436, 4.497949838638306, 4.497004747390747]