training_time: 19.68236231803894
epoch_times: [0.9864828586578369, 1.0001065731048584, 0.9896795749664307, 0.9776923656463623, 0.9790134429931641, 0.9784190654754639, 0.9821352958679199, 0.9991436004638672, 0.9750337600708008, 0.975121021270752, 0.9779255390167236, 0.9813342094421387, 0.977527379989624, 0.9847078323364258, 1.0006508827209473, 0.9747426509857178, 0.9843075275421143, 0.9887404441833496, 0.9791548252105713, 0.9904434680938721]