training_time: 98.44884204864502
epoch_times: [4.907608509063721, 4.935227394104004, 4.930948495864868, 4.897627592086792, 4.934484958648682, 4.919082880020142, 4.925108432769775, 4.912225008010864, 4.946107864379883, 4.935410499572754, 4.902140140533447, 4.884981155395508, 4.954633712768555, 5.036014556884766, 4.918167352676392, 4.917693614959717, 4.893741846084595, 4.9062721729278564, 4.8990983963012695, 4.892267465591431]