training_time: 1976.9079513549805
epoch_times: [97.8940360546112, 98.48565983772278, 98.28803181648254, 98.22076487541199, 98.15581369400024, 98.27348756790161, 98.13221335411072, 98.20101761817932, 98.24292612075806, 98.12599205970764, 98.12199640274048, 97.98434710502625, 100.36720442771912, 98.89913010597229, 99.95318746566772, 99.38251852989197, 100.06814479827881, 100.66101002693176, 99.31681632995605, 100.13365316390991]