training_time: 2193.204004049301
epoch_times: [109.7752411365509, 109.79661440849304, 109.73783922195435, 109.69952607154846, 109.67469358444214, 109.98037767410278, 110.05213284492493, 109.74356889724731, 110.07681488990784, 109.71600842475891, 109.57724571228027, 111.00058269500732, 110.32908201217651, 109.55638456344604, 108.97128653526306, 109.44266676902771, 108.80587553977966, 108.8545663356781, 109.10399556159973, 109.30950117111206]