training_time: 280.77737617492676
epoch_times: [14.033055782318115, 14.225587368011475, 14.29030728340149, 14.057327032089233, 14.25888180732727, 14.142594814300537, 13.776588916778564, 13.913500785827637, 13.847323656082153, 13.980102777481079, 14.00558876991272, 13.95628809928894, 13.936980485916138, 13.523582458496094, 14.347416400909424, 13.907709121704102, 14.211875200271606, 13.990663528442383, 14.162568092346191, 14.209433794021606]