training_time: 19.648793935775757
epoch_times: [0.9837629795074463, 0.9749832153320312, 0.9864997863769531, 0.9771006107330322, 0.9797687530517578, 0.9896039962768555, 0.9838321208953857, 0.9742646217346191, 0.9805419445037842, 0.9865894317626953, 0.9791488647460938, 0.9828367233276367, 0.9755361080169678, 0.972822904586792, 0.9804437160491943, 0.9946906566619873, 0.981853723526001, 0.982811450958252, 0.9833793640136719, 0.9983229637145996]