training_time: 19.78220844268799
epoch_times: [1.0019865036010742, 0.997485876083374, 0.9961898326873779, 1.0018842220306396, 0.9878115653991699, 1.0058174133300781, 0.9986710548400879, 0.9815106391906738, 0.9910566806793213, 0.98356032371521, 0.9809634685516357, 0.9805080890655518, 0.9793119430541992, 0.9812674522399902, 0.9844987392425537, 0.9807193279266357, 0.9879741668701172, 0.9854824542999268, 0.9898464679718018, 0.9856622219085693]