training_time: 226.05453753471375
epoch_times: [11.288370132446289, 11.459720134735107, 11.32656741142273, 11.191136837005615, 11.490120887756348, 11.322082042694092, 11.144608736038208, 11.356269121170044, 11.165518522262573, 11.202260971069336, 11.235021829605103, 11.30237627029419, 11.285647630691528, 11.295362710952759, 11.408485651016235, 11.319133281707764, 11.274091958999634, 11.44191575050354, 11.322660207748413, 11.223187446594238]