training_time: 18.85335111618042
epoch_times: [0.9623057842254639, 0.9499020576477051, 0.9484386444091797, 0.9468092918395996, 0.9325003623962402, 0.9501938819885254, 0.9359703063964844, 0.9302031993865967, 0.9332120418548584, 0.9154257774353027, 0.9659385681152344, 0.9473392963409424, 0.9541659355163574, 0.9390244483947754, 0.9431302547454834, 0.9532074928283691, 0.9291126728057861, 0.9443156719207764, 0.9321825504302979, 0.9399728775024414]