training_time: 21.074860334396362
epoch_times: [1.4236938953399658, 1.0249152183532715, 1.0239100456237793, 1.0438964366912842, 1.044072151184082, 1.042037010192871, 1.0427024364471436, 1.046668529510498, 1.0383684635162354, 1.0407726764678955, 1.044215202331543, 1.0389211177825928, 1.0213866233825684, 1.0289151668548584, 1.0264830589294434, 1.0224354267120361, 1.0427772998809814, 1.0268192291259766, 1.0218565464019775, 1.0300137996673584]