training_time: 441.70879888534546
epoch_times: [22.554003477096558, 23.10372233390808, 22.373100757598877, 22.097736120224, 22.34189009666443, 22.386003732681274, 22.65702724456787, 22.567384719848633, 22.43138074874878, 22.02588963508606, 21.84385919570923, 22.370909214019775, 21.05620503425598, 20.25964379310608, 21.59070873260498, 21.908825635910034, 21.966715574264526, 21.917296648025513, 21.960317373275757, 22.296178817749023]