training_time: 436.08869457244873
epoch_times: [22.372349500656128, 21.71706223487854, 22.75552725791931, 22.135254383087158, 21.21635341644287, 21.139530897140503, 21.372336626052856, 20.198898792266846, 22.54013419151306, 22.503549575805664, 21.224368810653687, 21.338404178619385, 21.22299289703369, 21.812278747558594, 22.937619924545288, 23.075116395950317, 21.271843910217285, 21.361308097839355, 22.152549505233765, 21.741215229034424]