training_time: 1101.0807919502258
epoch_times: [55.28151798248291, 55.135437965393066, 54.985548973083496, 55.09672522544861, 55.127387285232544, 54.8805992603302, 55.41980457305908, 55.049720287323, 54.920125246047974, 54.85523796081543, 54.896053314208984, 54.92000675201416, 55.27929401397705, 55.09500527381897, 54.96114921569824, 55.00574326515198, 54.95417261123657, 54.90840530395508, 54.84030270576477, 55.468554735183716]