training_time: 121.41189384460449
epoch_times: [6.0515711307525635, 6.0963709354400635, 6.0195631980896, 6.043560981750488, 6.09822154045105, 6.116842031478882, 6.017156362533569, 6.020718097686768, 6.0217509269714355, 6.0772223472595215, 6.1024603843688965, 6.082242488861084, 6.099725723266602, 6.066689729690552, 6.086760520935059, 6.090132713317871, 6.053079605102539, 6.079010009765625, 6.080688953399658, 6.108126163482666]