training_time: 2169.8742134571075
epoch_times: [109.308030128479, 109.22809791564941, 109.44610834121704, 109.53567171096802, 108.97920274734497, 107.51252317428589, 107.58364939689636, 107.50709557533264, 107.56486582756042, 107.64581108093262, 107.90359830856323, 107.76219058036804, 108.42223191261292, 108.94458150863647, 109.09161067008972, 108.53002834320068, 108.3493549823761, 108.6666750907898, 108.87238597869873, 109.02050018310547]