training_time: 91.69029092788696
epoch_times: [4.552667140960693, 4.929159879684448, 4.808950185775757, 4.87725567817688, 4.753782510757446, 4.778380393981934, 4.555506706237793, 4.482973337173462, 4.447708368301392, 4.500195503234863, 4.52860951423645, 4.464243650436401, 4.457259654998779, 4.485771656036377, 4.472986936569214, 4.468132972717285, 4.655579090118408, 4.508048057556152, 4.4803383350372314, 4.482741355895996]