training_time: 22.283448934555054
epoch_times: [1.1631803512573242, 1.1564393043518066, 1.0214259624481201, 1.0661416053771973, 1.1566495895385742, 1.1560299396514893, 1.1542925834655762, 1.1565637588500977, 1.0504093170166016, 1.090090274810791, 1.1510088443756104, 1.1510486602783203, 1.1414711475372314, 1.1414430141448975, 1.0173580646514893, 1.0355134010314941, 1.1532957553863525, 1.1151487827301025, 1.0707569122314453, 1.1351816654205322]