training_time: 158.29162979125977
epoch_times: [8.06883454322815, 7.794033050537109, 7.680892467498779, 7.811188220977783, 7.890745162963867, 7.991713762283325, 8.140113830566406, 7.9041078090667725, 7.89466667175293, 8.091065168380737, 7.828349828720093, 7.854673147201538, 8.063141822814941, 7.763881206512451, 7.919958114624023, 8.039764642715454, 7.809077739715576, 7.8049750328063965, 7.996379852294922, 7.944067716598511]