training_time: 410.51555609703064
epoch_times: [22.703649759292603, 20.401285648345947, 20.547974348068237, 20.82776975631714, 21.13693857192993, 20.87903881072998, 19.81700086593628, 19.723172664642334, 20.09380340576172, 19.76229977607727, 19.373347997665405, 19.548556327819824, 19.44100332260132, 20.407360076904297, 20.226999044418335, 20.669272899627686, 21.108302116394043, 21.08215856552124, 21.30514097213745, 21.4604811668396]