training_time: 520.9702079296112
epoch_times: [26.656044244766235, 26.09968614578247, 25.902329683303833, 26.16717553138733, 25.97210717201233, 25.674044847488403, 25.527278661727905, 25.915605545043945, 25.998876810073853, 26.151440858840942, 25.975125312805176, 26.134830713272095, 26.086013555526733, 25.810107946395874, 25.229034185409546, 23.900445699691772, 27.019452810287476, 27.25765824317932, 26.804556369781494, 26.688393592834473]