training_time: 19.704415798187256
epoch_times: [0.989776611328125, 0.9806876182556152, 0.9758760929107666, 0.976442813873291, 0.9831597805023193, 0.975611686706543, 0.9774417877197266, 0.9779396057128906, 0.9838554859161377, 1.0007479190826416, 0.9981071949005127, 0.979029655456543, 0.9934706687927246, 1.0119071006774902, 0.9814693927764893, 0.9885244369506836, 0.9889383316040039, 0.9811832904815674, 0.977285623550415, 0.9829607009887695]