training_time: 229.44916129112244
epoch_times: [11.10586929321289, 11.181257247924805, 11.193050861358643, 11.106311559677124, 11.975741624832153, 11.753895282745361, 11.2710542678833, 11.74051284790039, 11.913129568099976, 11.218332290649414, 11.80236005783081, 11.529677152633667, 11.432650566101074, 11.878726243972778, 11.583555698394775, 11.485610485076904, 11.666259527206421, 10.986047267913818, 11.52469539642334, 11.10042405128479]