training_time: 437.427298784256
epoch_times: [22.27396869659424, 22.124903440475464, 22.047377586364746, 21.87540888786316, 21.306131601333618, 21.323077917099, 21.995561599731445, 22.275451183319092, 22.626989126205444, 22.339653253555298, 22.3142991065979, 21.77570343017578, 20.493059158325195, 20.15294361114502, 21.85684084892273, 22.62250018119812, 22.4511296749115, 22.297674894332886, 21.816333770751953, 21.458290815353394]