training_time: 2455.6677796840668
epoch_times: [111.1325135231018, 108.64293169975281, 107.36963129043579, 112.68552565574646, 120.72265982627869, 126.05902457237244, 126.04063153266907, 129.6862668991089, 123.6352813243866, 125.71284651756287, 123.6161880493164, 126.24185919761658, 125.27180790901184, 128.6122591495514, 126.469393491745, 126.33543515205383, 122.7920024394989, 124.85337567329407, 128.80573415756226, 130.9824116230011]