training_time: 115.76305627822876
epoch_times: [5.917595624923706, 5.826978445053101, 5.798733472824097, 5.80867075920105, 5.779698610305786, 5.590215682983398, 5.606738328933716, 5.804635763168335, 5.873292446136475, 5.877138137817383, 5.873171329498291, 5.825376510620117, 5.788928985595703, 5.788503408432007, 5.920411109924316, 5.838854789733887, 5.599544048309326, 5.615971803665161, 5.68242883682251, 5.9461681842803955]