training_time: 1193.9667830467224
epoch_times: [58.78113055229187, 59.646172761917114, 59.68464231491089, 59.69082713127136, 59.676154375076294, 59.6161892414093, 59.66699457168579, 59.57442879676819, 59.77030968666077, 59.661346673965454, 59.630321741104126, 59.63834571838379, 60.48917293548584, 60.90059232711792, 59.648110151290894, 59.61229205131531, 59.66636824607849, 59.570345640182495, 59.5441370010376, 59.49890112876892]