training_time: 181.6158413887024
epoch_times: [9.041258096694946, 9.000663995742798, 9.01137638092041, 8.98663592338562, 9.07601523399353, 9.102437257766724, 9.103888273239136, 9.088479280471802, 9.086721897125244, 9.231276035308838, 9.093300819396973, 9.093930959701538, 9.138123273849487, 9.10366153717041, 9.088200092315674, 9.08056926727295, 9.171225547790527, 8.972873210906982, 9.089086055755615, 9.056118249893188]