training_time: 22.34121346473694
epoch_times: [1.130425214767456, 1.1069567203521729, 1.1210556030273438, 1.1247780323028564, 1.1238248348236084, 1.1109867095947266, 1.1114082336425781, 1.123121976852417, 1.1286768913269043, 1.1187288761138916, 1.1214377880096436, 1.096548080444336, 1.1132853031158447, 1.1249158382415771, 1.109020709991455, 1.1261873245239258, 1.1157450675964355, 1.123311996459961, 1.1086101531982422, 1.1021881103515625]