training_time: 208.29658389091492
epoch_times: [10.121399164199829, 10.528597116470337, 11.0612633228302, 10.510879278182983, 10.77044939994812, 10.833188772201538, 10.325448751449585, 10.414401769638062, 10.119093418121338, 10.201087951660156, 10.540623664855957, 10.354591846466064, 10.227659940719604, 10.916978359222412, 10.291728258132935, 10.730190753936768, 10.029186010360718, 10.008857011795044, 10.444897174835205, 9.866061925888062]