training_time: 277.4733335971832
epoch_times: [13.856545686721802, 13.746099710464478, 13.933303117752075, 13.672438859939575, 14.064784049987793, 13.927408456802368, 13.910995960235596, 13.8176429271698, 13.916448831558228, 13.95386290550232, 13.870309114456177, 13.898846626281738, 13.833601236343384, 13.896930694580078, 13.862271547317505, 13.913918018341064, 13.747763633728027, 13.693013906478882, 13.911185026168823, 14.045963287353516]