training_time: 18.934447288513184
epoch_times: [0.9680454730987549, 0.9506051540374756, 0.9512147903442383, 0.9530348777770996, 0.9463682174682617, 0.9359734058380127, 0.9512276649475098, 0.9367380142211914, 0.9461798667907715, 0.952639102935791, 0.9459712505340576, 0.9445059299468994, 0.9423542022705078, 0.9523069858551025, 0.9483027458190918, 0.9367549419403076, 0.9521670341491699, 0.9451911449432373, 0.9408354759216309, 0.9340310096740723]