training_time: 116.15241622924805
epoch_times: [5.927195072174072, 5.885658025741577, 5.811337471008301, 5.8601415157318115, 5.870145320892334, 5.643211603164673, 5.633333444595337, 5.633918285369873, 5.860551595687866, 5.90035080909729, 5.875089645385742, 5.922828912734985, 5.912618637084961, 5.804564476013184, 5.852386474609375, 5.82232666015625, 5.754942178726196, 5.650733709335327, 5.66500186920166, 5.8660805225372314]