training_time: 3005.4889142513275
epoch_times: [149.82260179519653, 148.8685507774353, 147.7440984249115, 150.00442838668823, 148.36334609985352, 149.91785717010498, 147.18958449363708, 149.70147848129272, 148.74875402450562, 149.37876105308533, 148.99630999565125, 154.21969175338745, 150.22199153900146, 151.70450067520142, 150.7892861366272, 150.39000749588013, 151.39002537727356, 148.43232822418213, 160.2557394504547, 149.3495728969574]