training_time: 440.67263007164
epoch_times: [22.478327989578247, 22.48980736732483, 21.678606033325195, 22.04460573196411, 22.349350452423096, 22.45642852783203, 22.029906034469604, 22.028409242630005, 21.70344567298889, 21.888078689575195, 22.45810604095459, 23.02133846282959, 21.203896284103394, 20.249263048171997, 21.772677421569824, 22.514209270477295, 21.849749326705933, 21.968245267868042, 22.131488800048828, 22.356690406799316]