training_time: 211.14866542816162
epoch_times: [10.351667881011963, 11.273844003677368, 11.257687091827393, 11.27934718132019, 11.391719579696655, 11.253650188446045, 10.32089614868164, 10.184667110443115, 10.727345705032349, 10.646639585494995, 10.461862564086914, 10.29674768447876, 10.391437530517578, 10.131490230560303, 9.979511976242065, 10.055006742477417, 10.428391456604004, 10.428824424743652, 10.248381614685059, 10.039546728134155]