training_time: 230.43609762191772
epoch_times: [11.508514165878296, 11.5264310836792, 11.877597093582153, 11.262382984161377, 11.623282670974731, 11.769018411636353, 11.224234342575073, 11.734289407730103, 11.77027440071106, 11.229444742202759, 11.694774866104126, 11.23534107208252, 11.208745002746582, 11.237464904785156, 11.209209442138672, 11.433345794677734, 11.877159357070923, 11.552108526229858, 11.48290729522705, 11.979572057723999]