training_time: 1974.0155749320984
epoch_times: [99.22511100769043, 98.69460558891296, 98.552170753479, 98.70908308029175, 99.01785683631897, 98.95803308486938, 98.50896739959717, 98.4857759475708, 99.1299238204956, 98.48478507995605, 98.57524585723877, 98.54331231117249, 98.82348251342773, 98.6722764968872, 98.5985221862793, 98.50387763977051, 99.02632641792297, 98.50920224189758, 98.4884192943573, 98.5085973739624]