training_time: 515.9113328456879
epoch_times: [26.44678258895874, 26.78672480583191, 24.100850105285645, 25.464773893356323, 26.19867515563965, 25.751717805862427, 25.3850040435791, 25.896973371505737, 26.167261123657227, 25.617602348327637, 26.59546995162964, 25.850627660751343, 25.396811723709106, 25.755571842193604, 26.037323474884033, 25.562634468078613, 25.508578538894653, 26.024054288864136, 25.878620624542236, 25.48527503013611]