training_time: 30.14592957496643
epoch_times: [1.523557424545288, 1.513880968093872, 1.51900315284729, 1.510535478591919, 1.5073258876800537, 1.5157577991485596, 1.4999353885650635, 1.5074613094329834, 1.5098133087158203, 1.5088269710540771, 1.5120646953582764, 1.5164449214935303, 1.5346505641937256, 1.5080711841583252, 1.5140790939331055, 1.4548776149749756, 1.5111463069915771, 1.5119678974151611, 1.512502908706665, 1.454026699066162]