training_time: 2128.678621530533
epoch_times: [106.84786748886108, 105.13527226448059, 106.89370727539062, 105.64332604408264, 107.01529955863953, 106.94090342521667, 106.28610754013062, 107.14715099334717, 106.7934365272522, 107.32684087753296, 106.44930076599121, 106.69015836715698, 106.90348744392395, 105.0291953086853, 106.957848072052, 105.07160782814026, 106.88000655174255, 105.88345670700073, 106.041006565094, 106.74264192581177]