training_time: 508.40781831741333
epoch_times: [25.377442836761475, 25.62807297706604, 24.737723350524902, 24.85986828804016, 24.262348413467407, 24.0107524394989, 24.567893028259277, 25.023059844970703, 25.44527292251587, 25.073012113571167, 25.86387062072754, 26.043127298355103, 25.84722924232483, 25.746355056762695, 25.790863752365112, 26.213175058364868, 26.500598669052124, 26.04959511756897, 26.13513469696045, 25.232422590255737]