training_time: 22.233303785324097
epoch_times: [1.151545524597168, 1.0959696769714355, 1.0049824714660645, 1.112051010131836, 1.1518731117248535, 1.1430516242980957, 1.138967752456665, 1.09586501121521, 1.002528429031372, 1.083775520324707, 1.1538829803466797, 1.1613128185272217, 1.1484835147857666, 1.1528635025024414, 0.9968769550323486, 1.0359869003295898, 1.143981695175171, 1.1400325298309326, 1.159125804901123, 1.160146951675415]