training_time: 19.94670343399048
epoch_times: [1.0315675735473633, 0.9996466636657715, 0.9593000411987305, 0.996312141418457, 1.0188133716583252, 1.025897741317749, 0.9783244132995605, 1.0034239292144775, 1.0075721740722656, 0.9996109008789062, 0.9987642765045166, 0.9913227558135986, 1.0070295333862305, 1.0080127716064453, 0.9974656105041504, 0.9932236671447754, 0.9793472290039062, 0.991619348526001, 0.9860537052154541, 0.973395586013794]