training_time: 1728.7515699863434
epoch_times: [86.7641749382019, 86.77424454689026, 86.5116183757782, 86.43438577651978, 86.31233787536621, 87.14585161209106, 86.57900381088257, 86.4678807258606, 86.47783374786377, 86.76720833778381, 86.76051545143127, 86.53317880630493, 86.05215978622437, 85.98101854324341, 86.69639444351196, 86.06948971748352, 85.88302516937256, 85.96486735343933, 86.37771940231323, 86.19866156578064]