training_time: 511.2352650165558
epoch_times: [25.29531192779541, 25.931237936019897, 25.56841778755188, 25.83670163154602, 26.074482202529907, 25.899457216262817, 25.76118493080139, 25.37501621246338, 25.668987274169922, 25.52943515777588, 25.923799514770508, 25.965505599975586, 26.340335369110107, 26.171236276626587, 26.24174404144287, 25.594048738479614, 25.63539695739746, 24.795024156570435, 23.480810165405273, 24.14713191986084]