training_time: 21.872925758361816
epoch_times: [1.1419003009796143, 1.0350823402404785, 1.0941755771636963, 1.1504297256469727, 1.1406936645507812, 1.1567316055297852, 1.1525852680206299, 1.0031275749206543, 1.0750985145568848, 1.144120216369629, 1.1155455112457275, 0.9989578723907471, 1.1047749519348145, 1.0515799522399902, 1.0975351333618164, 1.115901231765747, 0.9956569671630859, 1.1018788814544678, 1.0615367889404297, 1.1356136798858643]