training_time: 55.09891128540039
epoch_times: [2.7625620365142822, 2.759202241897583, 2.7672548294067383, 2.7564003467559814, 2.7509407997131348, 2.755920886993408, 2.753913640975952, 2.758176803588867, 2.756054162979126, 2.7544591426849365, 2.7497916221618652, 2.750248670578003, 2.751042127609253, 2.7539141178131104, 2.7582404613494873, 2.752408504486084, 2.7645153999328613, 2.754279136657715, 2.7467219829559326, 2.7428643703460693]