training_time: 414.88476753234863
epoch_times: [20.398783206939697, 20.11364436149597, 21.018408060073853, 19.966973781585693, 20.079328775405884, 20.57353377342224, 20.343485355377197, 20.167887926101685, 21.622021675109863, 20.571370840072632, 20.970534801483154, 20.716912269592285, 20.87177801132202, 21.413660764694214, 21.453317165374756, 21.377918004989624, 20.674510955810547, 20.379967212677002, 20.945387363433838, 21.225343227386475]