training_time: 14.82571291923523
epoch_times: [0.7372324466705322, 0.7226016521453857, 0.739879846572876, 0.7316379547119141, 0.729095458984375, 0.7260842323303223, 0.7319211959838867, 0.7432153224945068, 0.7427117824554443, 0.752558708190918, 0.7481844425201416, 0.7419295310974121, 0.7478897571563721, 0.739177942276001, 0.7418780326843262, 0.7432680130004883, 0.7606794834136963, 0.7503201961517334, 0.7431254386901855, 0.7523214817047119]