training_time: 511.96682620048523
epoch_times: [27.235162019729614, 26.994158267974854, 26.94771146774292, 26.340722799301147, 26.133938550949097, 25.761768579483032, 25.476184368133545, 26.334024906158447, 26.69198441505432, 26.47422504425049, 26.302562713623047, 26.44589066505432, 26.64137864112854, 25.660690307617188, 23.96150517463684, 23.62845778465271, 23.9154851436615, 23.663374423980713, 23.53189444541931, 23.825706481933594]