training_time: 517.6898322105408
epoch_times: [26.06604838371277, 25.478211164474487, 26.014748573303223, 25.891390085220337, 26.23399567604065, 26.56757426261902, 25.581724166870117, 25.65940546989441, 25.94896912574768, 25.669137001037598, 25.655704021453857, 26.120920658111572, 26.51226544380188, 26.48205256462097, 26.188631296157837, 25.665455102920532, 25.41251802444458, 25.65469765663147, 25.485123872756958, 25.401259660720825]