training_time: 514.9997355937958
epoch_times: [26.428838968276978, 25.993426084518433, 25.790777444839478, 25.74349594116211, 25.787585258483887, 25.889241218566895, 25.91204071044922, 25.826641082763672, 25.37482476234436, 25.28739356994629, 25.524544954299927, 25.668728828430176, 25.928673028945923, 25.663326263427734, 25.398821592330933, 25.41733956336975, 25.582003593444824, 25.63497281074524, 26.236510753631592, 25.91054916381836]