training_time: 21.96537709236145
epoch_times: [1.1506061553955078, 1.1443464756011963, 1.0117058753967285, 1.09382963180542, 1.1508419513702393, 1.1550297737121582, 1.1511952877044678, 1.1320233345031738, 1.0278518199920654, 1.0350682735443115, 1.1500189304351807, 1.1213788986206055, 1.005812644958496, 1.1111724376678467, 1.1198389530181885, 1.0197718143463135, 1.129241943359375, 1.0432913303375244, 1.125629186630249, 1.0867223739624023]