training_time: 118.51455450057983
epoch_times: [5.935901641845703, 5.927503347396851, 5.977029800415039, 5.889065265655518, 5.894361257553101, 5.887174606323242, 5.9119813442230225, 5.929569482803345, 5.876010894775391, 5.938673257827759, 5.988969564437866, 5.970333099365234, 5.966665029525757, 5.985323667526245, 5.97121787071228, 5.943801164627075, 5.858395338058472, 5.853268146514893, 5.852369785308838, 5.956939935684204]