training_time: 22.326554536819458
epoch_times: [1.1401965618133545, 1.1076123714447021, 1.1290161609649658, 1.122546911239624, 1.113109827041626, 1.1074409484863281, 1.1179959774017334, 1.1209111213684082, 1.121932029724121, 1.1240670680999756, 1.122826099395752, 1.1069433689117432, 1.1110279560089111, 1.1244785785675049, 1.1016132831573486, 1.1125273704528809, 1.1140952110290527, 1.101762294769287, 1.1135632991790771, 1.1128880977630615]