training_time: 17.753987789154053
epoch_times: [0.8886387348175049, 0.885739803314209, 0.8782994747161865, 0.8837432861328125, 0.8800339698791504, 0.8810539245605469, 0.8870542049407959, 0.9053239822387695, 0.883690357208252, 0.8890581130981445, 0.8967626094818115, 0.8881218433380127, 0.8929040431976318, 0.8936874866485596, 0.8871171474456787, 0.8874819278717041, 0.8879199028015137, 0.8835639953613281, 0.8937981128692627, 0.8799948692321777]