training_time: 2034.4337532520294
epoch_times: [99.79670238494873, 102.51111102104187, 105.60289096832275, 99.30221462249756, 100.8469488620758, 101.36300015449524, 100.77441191673279, 101.16435289382935, 102.07020950317383, 100.96532917022705, 101.98570013046265, 105.1265606880188, 101.72818970680237, 100.2459990978241, 102.4002149105072, 102.101478099823, 102.12737274169922, 101.84720969200134, 101.62660002708435, 100.84725666046143]