training_time: 1791.4965641498566
epoch_times: [89.54249620437622, 89.34139275550842, 90.10222387313843, 89.77773189544678, 90.18429851531982, 89.89677858352661, 89.81024861335754, 89.66058230400085, 89.62111735343933, 89.66994309425354, 89.52976846694946, 89.5921573638916, 89.4514672756195, 89.13742256164551, 90.16027045249939, 89.05675649642944, 89.17352676391602, 89.49287295341492, 89.21601605415344, 89.07949256896973]