training_time: 121.18952631950378
epoch_times: [6.0894997119903564, 6.212345123291016, 6.155449867248535, 6.002389907836914, 6.026092529296875, 6.142385244369507, 6.015308618545532, 6.0097222328186035, 5.972350120544434, 6.015153408050537, 6.01790714263916, 6.000841379165649, 6.150223016738892, 5.966179370880127, 6.007969617843628, 6.33716607093811, 6.019704103469849, 5.998331069946289, 6.179785490036011, 5.87072229385376]