training_time: 102.50876832008362
epoch_times: [5.267365217208862, 5.182131767272949, 5.089309215545654, 4.992746353149414, 5.170175552368164, 5.254493236541748, 5.0029683113098145, 5.007450580596924, 5.167718887329102, 4.900758743286133, 5.07942795753479, 5.165490388870239, 5.2920823097229, 5.2859296798706055, 5.124982118606567, 4.996000051498413, 5.01407790184021, 5.321932315826416, 5.037017107009888, 5.156710624694824]