training_time: 111.67892837524414
epoch_times: [5.637466669082642, 5.595726013183594, 5.582447052001953, 5.564795970916748, 5.643010854721069, 5.580224275588989, 5.560142278671265, 5.56574010848999, 5.566169500350952, 5.562358617782593, 5.566803693771362, 5.591317653656006, 5.568175554275513, 5.619696140289307, 5.5597450733184814, 5.5610198974609375, 5.5762245655059814, 5.577762842178345, 5.621449947357178, 5.578651666641235]