training_time: 112.51570987701416
epoch_times: [5.591832160949707, 5.640648603439331, 5.667103052139282, 5.574167490005493, 5.565690755844116, 5.629873991012573, 5.711302042007446, 5.583561897277832, 5.604247808456421, 5.610047101974487, 5.674816370010376, 5.6245996952056885, 5.654115676879883, 5.588156700134277, 5.682199001312256, 5.584609031677246, 5.5885725021362305, 5.687146902084351, 5.629289865493774, 5.623729228973389]