training_time: 518.3302626609802
epoch_times: [27.07238531112671, 25.610110759735107, 24.026785850524902, 25.908761024475098, 25.940122842788696, 25.62221360206604, 25.939829349517822, 26.411562204360962, 25.659260749816895, 25.68479013442993, 26.216958045959473, 25.66595458984375, 25.85783553123474, 26.098937034606934, 26.492594003677368, 26.023820638656616, 26.487387657165527, 26.397215127944946, 25.417819023132324, 25.795919179916382]