training_time: 54.58730149269104
epoch_times: [2.734128952026367, 2.7264010906219482, 2.732553720474243, 2.7357382774353027, 2.732344150543213, 2.728078842163086, 2.7231216430664062, 2.7216649055480957, 2.7265546321868896, 2.7315587997436523, 2.745199680328369, 2.732044219970703, 2.725135564804077, 2.7251811027526855, 2.72385835647583, 2.73333477973938, 2.730167865753174, 2.7248239517211914, 2.734250068664551, 2.721160888671875]