training_time: 116.10184836387634
epoch_times: [5.906708478927612, 5.83801794052124, 5.8588128089904785, 5.85558295249939, 5.60724139213562, 5.577408075332642, 5.6264402866363525, 5.9275782108306885, 5.904919624328613, 5.934778451919556, 5.880520582199097, 5.887248277664185, 5.825762033462524, 5.77205753326416, 5.975609540939331, 5.699944496154785, 5.627622365951538, 5.599525690078735, 5.856391906738281, 5.939677715301514]