training_time: 111.46003460884094
epoch_times: [5.159543991088867, 4.9872002601623535, 5.0931782722473145, 5.559293031692505, 5.429745435714722, 5.730372667312622, 5.687743186950684, 5.641922235488892, 5.743662118911743, 5.729719161987305, 5.6392810344696045, 5.706013441085815, 5.655136346817017, 5.710143327713013, 5.80190110206604, 5.6834893226623535, 5.648471832275391, 5.641814708709717, 5.653947114944458, 5.557456016540527]