training_time: 1176.2535636425018
epoch_times: [58.502912759780884, 58.410099029541016, 58.60692548751831, 58.423933029174805, 58.32768225669861, 58.8020122051239, 58.72267198562622, 59.522127866744995, 59.1036376953125, 59.07600140571594, 59.35923647880554, 59.0326406955719, 59.39739727973938, 58.6204674243927, 59.025383710861206, 58.77365255355835, 58.60575890541077, 58.6473491191864, 58.512367963790894, 58.78130578994751]