training_time: 103.49099278450012
epoch_times: [5.265282392501831, 5.154632091522217, 5.140644073486328, 5.176637649536133, 5.152632713317871, 5.164527893066406, 5.250357151031494, 5.108621597290039, 5.072720527648926, 5.015017747879028, 5.0549843311309814, 5.014811992645264, 5.025352716445923, 5.080281019210815, 5.05177640914917, 5.06168532371521, 5.565041780471802, 5.679917097091675, 5.4464170932769775, 5.009651184082031]