training_time: 152.08123087882996
epoch_times: [7.587633371353149, 7.752691030502319, 7.465033531188965, 7.593870401382446, 7.825204133987427, 7.533355951309204, 7.619776248931885, 7.939119100570679, 7.612256050109863, 7.495012283325195, 7.8844685554504395, 7.705719470977783, 7.351912021636963, 7.796953201293945, 7.791246175765991, 7.327245712280273, 7.560986042022705, 7.421074628829956, 7.385090351104736, 7.43258261680603]