training_time: 3098.1501171588898
epoch_times: [159.69605422019958, 162.55053091049194, 160.91657090187073, 162.1404242515564, 160.26096057891846, 157.9941954612732, 161.9027819633484, 158.19638395309448, 159.96571254730225, 157.30636382102966, 156.5368537902832, 146.53788256645203, 149.79908227920532, 147.57271027565002, 151.957181930542, 147.84200143814087, 149.78620719909668, 148.30886721611023, 150.28345584869385, 148.5958960056305]