training_time: 185.14646911621094
epoch_times: [9.660750150680542, 9.383341789245605, 9.372694492340088, 9.263496160507202, 9.245106220245361, 9.362303972244263, 9.250867366790771, 9.253657341003418, 9.258792161941528, 9.266420125961304, 9.29376482963562, 9.225172281265259, 9.23410439491272, 9.22251033782959, 9.221684217453003, 9.204405784606934, 9.221033334732056, 9.061557531356812, 9.088273286819458, 9.056533336639404]