training_time: 500.72779631614685
epoch_times: [23.49190640449524, 23.049526691436768, 23.83854365348816, 24.18149209022522, 24.059520721435547, 23.887224912643433, 23.045276880264282, 24.234289169311523, 24.71691584587097, 25.452940464019775, 25.415951013565063, 25.662456512451172, 25.45794939994812, 26.90485453605652, 26.10047698020935, 26.46636390686035, 26.231109142303467, 25.870346784591675, 26.15138292312622, 26.509268283843994]