training_time: 435.5853040218353
epoch_times: [23.275609493255615, 22.558828830718994, 22.440072536468506, 22.839011192321777, 21.498286724090576, 21.150983572006226, 21.38591718673706, 21.36756181716919, 21.561604022979736, 22.372671842575073, 21.954522609710693, 22.6104633808136, 19.803953886032104, 20.41155767440796, 20.858170747756958, 21.303348302841187, 21.351175785064697, 22.11723256111145, 22.15347385406494, 22.570858001708984]