training_time: 2257.869356393814
epoch_times: [112.01385021209717, 113.03781485557556, 113.33168697357178, 113.84424448013306, 113.41025924682617, 112.80206513404846, 113.86825060844421, 113.7323751449585, 113.58507752418518, 112.14127802848816, 113.67893266677856, 112.65674781799316, 113.16288661956787, 112.55748987197876, 113.75707578659058, 112.36397790908813, 112.1477370262146, 112.58665895462036, 111.43797779083252, 111.75296974182129]