training_time: 502.04695224761963
epoch_times: [23.975370407104492, 24.32464361190796, 24.15720510482788, 23.826706409454346, 23.857154846191406, 24.790302515029907, 24.51695489883423, 24.90760564804077, 25.19455909729004, 25.871018886566162, 25.60041117668152, 25.770535230636597, 25.721423625946045, 25.5565927028656, 25.71234679222107, 25.523694038391113, 25.50260305404663, 25.43089485168457, 25.507976293563843, 26.29895305633545]