training_time: 55.05845832824707
epoch_times: [2.758796453475952, 2.7430732250213623, 2.750171422958374, 2.750117301940918, 2.75757098197937, 2.7593154907226562, 2.751114845275879, 2.7400901317596436, 2.741425037384033, 2.7519357204437256, 2.7543768882751465, 2.751692533493042, 2.7526793479919434, 2.775996208190918, 2.7459356784820557, 2.74777889251709, 2.7484290599823, 2.7626755237579346, 2.755817174911499, 2.7594664096832275]