training_time: 229.13013291358948
epoch_times: [11.318914413452148, 11.126983880996704, 10.483627080917358, 11.168322563171387, 11.741100072860718, 11.53770637512207, 11.539602041244507, 11.314691305160522, 11.756241083145142, 11.796255111694336, 11.299933910369873, 11.585194110870361, 11.344615697860718, 11.75529670715332, 11.2534019947052, 11.80326795578003, 11.7870774269104, 11.750850200653076, 11.571399688720703, 11.195651292800903]