training_time: 430.1599335670471
epoch_times: [23.19149422645569, 21.965871572494507, 21.308116912841797, 21.53369379043579, 21.49285578727722, 22.084200620651245, 21.09979486465454, 22.052639722824097, 21.312572240829468, 21.45713520050049, 21.13282608985901, 19.319109678268433, 22.15349316596985, 21.481587409973145, 21.542240381240845, 21.19528889656067, 21.26056694984436, 21.473003387451172, 21.429531812667847, 21.67391085624695]