training_time: 204.5127694606781
epoch_times: [9.990762948989868, 9.80431056022644, 9.94454288482666, 10.172631978988647, 10.298623323440552, 10.261082410812378, 10.25870418548584, 10.27297329902649, 10.254742622375488, 10.271286964416504, 10.238189697265625, 10.21174168586731, 10.294816493988037, 10.264735460281372, 10.349702596664429, 10.347661972045898, 10.223582983016968, 10.23347544670105, 10.428795576095581, 10.390406370162964]