training_time: 147.68666625022888
epoch_times: [7.142995834350586, 7.129182815551758, 7.1524200439453125, 7.2195563316345215, 7.235353708267212, 7.233080148696899, 7.2291200160980225, 7.227451801300049, 7.243457078933716, 7.4881157875061035, 7.507272481918335, 7.518518447875977, 7.525268793106079, 7.521221876144409, 7.53744101524353, 7.536402225494385, 7.529190540313721, 7.555472135543823, 7.5467634201049805, 7.608381748199463]