training_time: 150.75308895111084
epoch_times: [7.746640205383301, 7.747297763824463, 7.664996385574341, 7.450985908508301, 7.5466578006744385, 7.418973922729492, 7.6449456214904785, 7.455826997756958, 7.426794052124023, 7.610244512557983, 7.476565599441528, 7.500617027282715, 7.418012857437134, 7.628051280975342, 7.453855752944946, 7.428191661834717, 7.545978784561157, 7.656694173812866, 7.439245223999023, 7.492513418197632]