training_time: 100.95981550216675
epoch_times: [5.012091636657715, 5.175986289978027, 5.140938758850098, 5.042294502258301, 5.097957611083984, 5.051812410354614, 4.962493181228638, 5.030771255493164, 5.117194414138794, 5.101806879043579, 4.986310958862305, 5.11169695854187, 5.17869758605957, 4.981751918792725, 5.016947507858276, 4.895149230957031, 4.874413013458252, 5.1216325759887695, 5.156657934188843, 4.903210878372192]