training_time: 513.8000574111938
epoch_times: [26.667147636413574, 26.753950119018555, 26.152246475219727, 25.768298387527466, 25.5986647605896, 25.80732536315918, 25.96089196205139, 25.62114191055298, 25.632800102233887, 25.51768469810486, 25.480551958084106, 25.747113704681396, 26.307458877563477, 26.21883487701416, 24.638845443725586, 23.727235555648804, 24.855074644088745, 25.58752989768982, 25.944117069244385, 25.813143968582153]