training_time: 503.1071882247925
epoch_times: [25.366554260253906, 25.37953782081604, 25.6751971244812, 25.970242738723755, 25.600021600723267, 25.58702254295349, 25.535051584243774, 25.245310068130493, 25.766844272613525, 25.80542802810669, 25.40788173675537, 25.616772890090942, 25.469465970993042, 25.761950731277466, 25.651596546173096, 24.83083200454712, 22.656986236572266, 23.699545860290527, 24.057262420654297, 24.023683786392212]