training_time: 500.1376874446869
epoch_times: [24.85322642326355, 24.8156418800354, 25.251694440841675, 25.04797625541687, 25.31700611114502, 25.041619777679443, 25.463623046875, 25.360471963882446, 25.157819986343384, 25.70626449584961, 25.46026301383972, 25.615854024887085, 25.307307958602905, 25.319597244262695, 25.63387107849121, 25.678271055221558, 24.538567543029785, 22.803544759750366, 23.734887838363647, 24.030178546905518]