training_time: 504.1394352912903
epoch_times: [24.054112672805786, 23.975530862808228, 23.726608276367188, 24.028332471847534, 23.653677940368652, 23.373674392700195, 26.901354551315308, 26.14559555053711, 25.62802767753601, 25.578433752059937, 25.578348636627197, 25.787893772125244, 25.71936345100403, 25.699569702148438, 26.084738969802856, 26.36507272720337, 25.875022172927856, 25.390354871749878, 25.265373706817627, 25.308349132537842]