training_time: 184.80449151992798
epoch_times: [9.164018392562866, 9.152355670928955, 8.987638711929321, 9.439141511917114, 9.105492353439331, 9.086684703826904, 9.089492797851562, 9.051522016525269, 9.573575019836426, 8.972872734069824, 9.121877431869507, 9.202300310134888, 9.07809329032898, 9.56797480583191, 9.048662185668945, 9.137845039367676, 9.942248821258545, 9.057811498641968, 9.115973711013794, 9.908910512924194]