training_time: 282.2244300842285
epoch_times: [14.343400239944458, 14.330153942108154, 14.313896417617798, 14.306150436401367, 14.094092845916748, 14.068068027496338, 14.2123863697052, 13.935291290283203, 14.125308990478516, 13.902511835098267, 14.021681547164917, 13.989235639572144, 14.048714399337769, 14.049647808074951, 14.091315984725952, 14.11819052696228, 13.985384225845337, 14.112654685974121, 14.123894453048706, 14.05245041847229]