training_time: 94.01004028320312
epoch_times: [4.58249044418335, 4.823378324508667, 4.79796028137207, 4.796839237213135, 4.646562099456787, 4.666809797286987, 4.803252696990967, 4.638300895690918, 4.670603036880493, 4.666589736938477, 4.746400594711304, 4.645978212356567, 4.729758262634277, 4.75918984413147, 4.678572177886963, 4.656566619873047, 4.761533260345459, 4.576207637786865, 4.7136499881744385, 4.649397134780884]