training_time: 297.4662914276123
epoch_times: [14.90312933921814, 15.007563591003418, 14.813785076141357, 14.894691944122314, 14.907795667648315, 14.894647598266602, 14.971091270446777, 14.904608249664307, 14.919203758239746, 14.91638708114624, 14.867278814315796, 14.760936975479126, 14.698532104492188, 14.69501543045044, 14.957585573196411, 14.893378257751465, 15.008645296096802, 14.805681467056274, 14.900375127792358, 14.745958805084229]