training_time: 31.224191904067993
epoch_times: [1.5278358459472656, 1.6352570056915283, 1.5462908744812012, 1.5795679092407227, 1.610041618347168, 1.5476508140563965, 1.6036076545715332, 1.6180193424224854, 1.4666922092437744, 1.479271411895752, 1.6301212310791016, 1.6204469203948975, 1.6201679706573486, 1.5370104312896729, 1.477848768234253, 1.5680522918701172, 1.5525336265563965, 1.5241725444793701, 1.5557806491851807, 1.5238227844238281]