training_time: 523.4407262802124
epoch_times: [28.577242136001587, 27.284397840499878, 28.459594249725342, 25.801971912384033, 25.834222316741943, 25.592859268188477, 25.00508213043213, 25.18468737602234, 26.846240997314453, 25.94211483001709, 25.309396505355835, 25.724716663360596, 25.68946361541748, 26.105099201202393, 27.342601537704468, 26.147708415985107, 25.295296669006348, 25.096412658691406, 25.571038246154785, 26.630579710006714]