training_time: 2077.7000784873962
epoch_times: [102.94808173179626, 103.57447862625122, 103.41027069091797, 105.77341794967651, 103.07943201065063, 104.58702182769775, 103.46117782592773, 103.73022270202637, 103.93421697616577, 103.62441349029541, 105.8989429473877, 103.81855845451355, 103.46850562095642, 103.45423531532288, 103.61588978767395, 103.7336733341217, 105.5024733543396, 103.15384411811829, 103.32148361206055, 103.60973811149597]