training_time: 17.723620176315308
epoch_times: [0.8968114852905273, 0.887906551361084, 0.8833394050598145, 0.8882017135620117, 0.881394624710083, 0.8825314044952393, 0.8920950889587402, 0.887000560760498, 0.8839371204376221, 0.8878400325775146, 0.9044170379638672, 0.8826508522033691, 0.8875434398651123, 0.8903632164001465, 0.8862104415893555, 0.8809189796447754, 0.8793227672576904, 0.8819015026092529, 0.8794355392456055, 0.879798412322998]