training_time: 105.75415992736816
epoch_times: [5.192173957824707, 5.4993181228637695, 5.226438283920288, 5.160017251968384, 5.340667963027954, 5.190524101257324, 5.294198751449585, 5.448939323425293, 5.235177993774414, 5.2599475383758545, 5.424037218093872, 5.236274719238281, 5.41006064414978, 5.170318841934204, 5.370240688323975, 5.151843309402466, 5.338282823562622, 5.334914445877075, 5.140093803405762, 5.330690145492554]