training_time: 22.032747983932495
epoch_times: [1.0744576454162598, 1.1306431293487549, 1.1179795265197754, 1.1186575889587402, 1.1180996894836426, 1.1137006282806396, 1.1056766510009766, 1.1511971950531006, 1.1350135803222656, 1.1376852989196777, 1.1265759468078613, 0.9924192428588867, 1.0447502136230469, 1.0974664688110352, 1.1357569694519043, 1.1390674114227295, 1.1324222087860107, 1.0305721759796143, 1.0533363819122314, 1.0772700309753418]