training_time: 11.507262706756592
epoch_times: [0.5869255065917969, 0.5729541778564453, 0.5754811763763428, 0.5742571353912354, 0.5816144943237305, 0.5753319263458252, 0.5700488090515137, 0.5734615325927734, 0.5750236511230469, 0.5725741386413574, 0.5766570568084717, 0.5752623081207275, 0.5777971744537354, 0.5739870071411133, 0.5725693702697754, 0.5822141170501709, 0.5806915760040283, 0.5701124668121338, 0.570035457611084, 0.5702636241912842]