training_time: 11.627821683883667
epoch_times: [0.5921385288238525, 0.5767598152160645, 0.5793328285217285, 0.5783412456512451, 0.5787796974182129, 0.5762436389923096, 0.5803737640380859, 0.5829730033874512, 0.5747392177581787, 0.5763382911682129, 0.5768263339996338, 0.5859675407409668, 0.5883259773254395, 0.5887801647186279, 0.5864570140838623, 0.585961103439331, 0.5854697227478027, 0.578965425491333, 0.5788083076477051, 0.576240062713623]