training_time: 55.349416732788086
epoch_times: [2.7734596729278564, 2.7627882957458496, 2.762348175048828, 2.760526180267334, 2.7682600021362305, 2.777055025100708, 2.7653605937957764, 2.7627856731414795, 2.7644498348236084, 2.7679851055145264, 2.77105712890625, 2.7705976963043213, 2.762053966522217, 2.7596185207366943, 2.7840092182159424, 2.771819829940796, 2.7740025520324707, 2.771080493927002, 2.7544548511505127, 2.7657039165496826]