training_time: 11.583439111709595
epoch_times: [0.5915939807891846, 0.5773160457611084, 0.5844540596008301, 0.5764145851135254, 0.5824854373931885, 0.5816588401794434, 0.5772049427032471, 0.5761523246765137, 0.5772237777709961, 0.5923287868499756, 0.5797536373138428, 0.5741684436798096, 0.5783817768096924, 0.5819435119628906, 0.5789170265197754, 0.5742919445037842, 0.5743408203125, 0.5739092826843262, 0.573758602142334, 0.577141284942627]