training_time: 27.961413860321045
epoch_times: [1.4135563373565674, 1.395998239517212, 1.418588638305664, 1.391366720199585, 1.3933169841766357, 1.387904405593872, 1.3977580070495605, 1.3937554359436035, 1.400528907775879, 1.3904237747192383, 1.3974459171295166, 1.3915534019470215, 1.3998355865478516, 1.3931300640106201, 1.4036517143249512, 1.4048287868499756, 1.3988795280456543, 1.3925344944000244, 1.391904592514038, 1.4044523239135742]