training_time: 435.8951907157898
epoch_times: [22.517436027526855, 21.204365253448486, 21.35530114173889, 22.56001853942871, 22.139103889465332, 21.320576190948486, 21.389541387557983, 20.327136278152466, 21.391689777374268, 21.760656595230103, 22.348318576812744, 23.06392002105713, 21.257808685302734, 21.587042808532715, 21.48220705986023, 21.784557342529297, 22.40251135826111, 22.291695833206177, 22.29169249534607, 21.41961145401001]