training_time: 432.01496839523315
epoch_times: [23.662509202957153, 21.934813261032104, 21.746429920196533, 21.316901206970215, 21.251487731933594, 21.404446840286255, 21.47220206260681, 21.808489561080933, 21.578430891036987, 21.676209688186646, 20.96483874320984, 21.583792209625244, 20.072360515594482, 21.218634843826294, 21.308354139328003, 21.23956274986267, 21.89704465866089, 22.268522262573242, 21.36773133277893, 22.242206573486328]