training_time: 19.7953462600708
epoch_times: [1.02626633644104, 1.0224902629852295, 1.0113601684570312, 1.0191917419433594, 1.0070080757141113, 0.9958944320678711, 0.9868373870849609, 1.015871524810791, 1.0273935794830322, 0.9754798412322998, 0.9820055961608887, 0.9657232761383057, 0.9724726676940918, 0.9617438316345215, 0.9766035079956055, 0.9718914031982422, 0.9737799167633057, 0.97361159324646, 0.9675824642181396, 0.9621386528015137]