training_time: 1139.8438293933868
epoch_times: [54.32711839675903, 54.32371520996094, 54.34789276123047, 54.16814637184143, 54.891966581344604, 54.54657816886902, 54.255080223083496, 54.29506278038025, 54.26382923126221, 54.199761390686035, 54.06696081161499, 54.56969952583313, 54.1369743347168, 53.97340989112854, 53.933675050735474, 53.979504346847534, 54.13177132606506, 72.28829598426819, 72.67695021629333, 72.46743679046631]