training_time: 198.24645853042603
epoch_times: [9.664843320846558, 9.630693912506104, 9.819938659667969, 9.79686689376831, 9.939762353897095, 10.033127784729004, 10.121705293655396, 9.95554518699646, 10.045315265655518, 10.001361846923828, 9.909435272216797, 9.9801185131073, 9.91978907585144, 9.923581600189209, 9.879233598709106, 9.801259994506836, 10.008970260620117, 9.956262111663818, 9.935903310775757, 9.922744274139404]