training_time: 90.54773116111755
epoch_times: [4.5579681396484375, 4.514925241470337, 4.492176532745361, 4.520683765411377, 4.491461277008057, 4.4984166622161865, 4.507053375244141, 4.5134522914886475, 4.490851879119873, 4.731429576873779, 4.501812696456909, 4.489187479019165, 4.560383319854736, 4.7072694301605225, 4.468758583068848, 4.475786447525024, 4.529478549957275, 4.491675853729248, 4.524640083312988, 4.480319976806641]