training_time: 22.71448802947998
epoch_times: [1.1585149765014648, 1.1390984058380127, 1.1309044361114502, 1.13112473487854, 1.1346032619476318, 1.1448965072631836, 1.13862943649292, 1.136458396911621, 1.1492812633514404, 1.1015491485595703, 1.1419003009796143, 1.1387686729431152, 1.1318433284759521, 1.1381556987762451, 1.1355314254760742, 1.131673812866211, 1.1130120754241943, 1.1366031169891357, 1.1495304107666016, 1.132408618927002]