training_time: 441.57457995414734
epoch_times: [24.63122797012329, 23.005139112472534, 22.91949987411499, 21.151652812957764, 21.586338758468628, 21.32613492012024, 21.672550916671753, 20.268410444259644, 23.888722896575928, 22.30475687980652, 20.895576238632202, 22.029114246368408, 22.04691433906555, 21.77252507209778, 23.030760526657104, 22.513735055923462, 21.366526126861572, 21.332346200942993, 21.293490409851074, 22.539157152175903]