training_time: 20.09912919998169
epoch_times: [1.0106828212738037, 1.0232360363006592, 0.9971976280212402, 0.9937443733215332, 0.9968550205230713, 0.999514102935791, 1.0074305534362793, 0.9885034561157227, 0.9951269626617432, 1.0129518508911133, 1.0227112770080566, 1.0058009624481201, 0.979644775390625, 1.0387310981750488, 0.9955258369445801, 1.0088131427764893, 1.0073609352111816, 1.0017931461334229, 1.002218246459961, 1.011286973953247]