training_time: 512.5928244590759
epoch_times: [24.299246072769165, 23.703924655914307, 24.057931661605835, 24.021068572998047, 24.199690341949463, 26.666781187057495, 27.65614104270935, 24.961947917938232, 25.096107006072998, 25.302812814712524, 25.5414559841156, 26.41839623451233, 26.937609434127808, 25.143290042877197, 25.30778741836548, 25.212488651275635, 25.40612268447876, 27.38085389137268, 28.57982349395752, 26.699345350265503]