training_time: 180.58455300331116
epoch_times: [9.015187978744507, 8.990140199661255, 9.146008968353271, 9.073141098022461, 9.06119418144226, 8.936060905456543, 9.05808711051941, 9.087216854095459, 9.100279569625854, 9.073967218399048, 9.057349920272827, 9.113250255584717, 9.088064193725586, 9.121584177017212, 8.962581396102905, 8.969196557998657, 8.921123743057251, 8.935629844665527, 8.945730686187744, 8.928758144378662]