training_time: 23.383553504943848
epoch_times: [1.169745683670044, 1.170562744140625, 1.1705613136291504, 1.1821370124816895, 1.1611552238464355, 1.166391372680664, 1.1768300533294678, 1.145120620727539, 1.1720592975616455, 1.1681492328643799, 1.1688892841339111, 1.1711218357086182, 1.1677281856536865, 1.1757643222808838, 1.1812198162078857, 1.1755893230438232, 1.1526429653167725, 1.1619632244110107, 1.1691815853118896, 1.1767404079437256]