training_time: 434.4059708118439
epoch_times: [20.79758095741272, 20.58697247505188, 20.670642375946045, 21.560898303985596, 21.791142225265503, 22.038239240646362, 22.19662594795227, 22.324054479599, 22.050270557403564, 21.868010759353638, 22.02924156188965, 22.133220911026, 19.8482027053833, 22.231847047805786, 22.489972829818726, 21.691678524017334, 22.148365259170532, 21.752391576766968, 22.172788858413696, 22.023824214935303]