training_time: 92.69708061218262
epoch_times: [4.602674245834351, 4.6181886196136475, 4.606012582778931, 4.596075773239136, 4.5272791385650635, 4.525062561035156, 4.825518369674683, 4.677354335784912, 4.543726921081543, 4.558992385864258, 4.7956931591033936, 4.657066106796265, 4.556302547454834, 4.616365432739258, 4.8036298751831055, 4.647036552429199, 4.603093147277832, 4.558372497558594, 4.741999387741089, 4.636636972427368]