training_time: 22.04779839515686
epoch_times: [1.1544859409332275, 1.0117642879486084, 1.027522325515747, 1.143521785736084, 1.1351284980773926, 1.1358003616333008, 1.1450705528259277, 1.0297257900238037, 1.0467917919158936, 1.145735740661621, 1.147425651550293, 1.1502113342285156, 1.1487762928009033, 1.0142757892608643, 1.0276827812194824, 1.1385228633880615, 1.1473886966705322, 1.1492958068847656, 1.143691062927246, 1.0049810409545898]