training_time: 421.5907304286957
epoch_times: [22.661261320114136, 21.86129879951477, 21.09977960586548, 20.9298198223114, 21.170973777770996, 21.128060340881348, 21.061278104782104, 20.943191528320312, 21.12862992286682, 20.79284644126892, 20.96296453475952, 18.983559608459473, 22.03419804573059, 21.326443433761597, 20.81976628303528, 20.802157640457153, 20.795023202896118, 20.993987560272217, 21.266397714614868, 20.829092741012573]