training_time: 408.1602258682251
epoch_times: [21.99805235862732, 22.156100511550903, 21.607702016830444, 21.42700505256653, 21.754536628723145, 21.56106185913086, 21.975454807281494, 21.600605010986328, 20.815817832946777, 20.27588725090027, 19.305715084075928, 19.161864757537842, 19.21561884880066, 19.55768847465515, 19.206841707229614, 19.385080337524414, 19.185765981674194, 19.225741147994995, 19.326453685760498, 19.417232513427734]