training_time: 23.021254777908325
epoch_times: [1.1520099639892578, 1.1619131565093994, 1.1449201107025146, 1.1550791263580322, 1.142068862915039, 1.1321909427642822, 1.1269543170928955, 1.1614949703216553, 1.1512014865875244, 1.1492571830749512, 1.1592507362365723, 1.1598656177520752, 1.1530494689941406, 1.1643776893615723, 1.1479847431182861, 1.127641201019287, 1.1602413654327393, 1.1603155136108398, 1.1481807231903076, 1.1632575988769531]