training_time: 88.69754958152771
epoch_times: [4.441208600997925, 4.439544439315796, 4.443039417266846, 4.434593439102173, 4.432945728302002, 4.445030212402344, 4.438652753829956, 4.425520420074463, 4.430581331253052, 4.440181732177734, 4.431386232376099, 4.428746461868286, 4.433629989624023, 4.440685749053955, 4.430516242980957, 4.4265241622924805, 4.439713001251221, 4.438613414764404, 4.424418926239014, 4.4320173263549805]