training_time: 111.67586994171143
epoch_times: [5.661060571670532, 5.525541067123413, 5.531889915466309, 5.528888463973999, 5.630569934844971, 5.539879560470581, 5.53353214263916, 5.575637340545654, 5.647399425506592, 5.543277978897095, 5.541770935058594, 5.6589744091033936, 5.67386269569397, 5.54476523399353, 5.539552450180054, 5.6319310665130615, 5.635816335678101, 5.534438371658325, 5.536877155303955, 5.660204887390137]