training_time: 154.31826400756836
epoch_times: [7.466468334197998, 7.645782470703125, 7.751964330673218, 7.792086601257324, 7.742710590362549, 7.749195337295532, 7.735099792480469, 7.791177988052368, 7.730400085449219, 7.755863666534424, 7.716304779052734, 7.780455112457275, 7.720767259597778, 7.718454837799072, 7.715286493301392, 7.717872142791748, 7.698923587799072, 7.745541334152222, 7.682547330856323, 7.661361932754517]