training_time: 513.0868375301361
epoch_times: [26.52166509628296, 25.83854103088379, 25.94231128692627, 25.834429025650024, 24.71099281311035, 25.278353691101074, 25.841567516326904, 25.88078498840332, 25.831567525863647, 26.08090591430664, 26.138221740722656, 25.858148336410522, 25.553526163101196, 25.790273189544678, 24.915682315826416, 24.55229640007019, 25.372556447982788, 25.513925075531006, 25.94696593284607, 25.684123039245605]