training_time: 2845.34916973114
epoch_times: [142.16881370544434, 142.23518204689026, 142.18146228790283, 142.12282586097717, 142.26263213157654, 141.97924304008484, 141.92546916007996, 142.42495203018188, 142.17137718200684, 142.1763777732849, 142.24730372428894, 142.31924605369568, 142.31091022491455, 142.4353950023651, 142.33363485336304, 142.34497237205505, 142.38347959518433, 142.47673630714417, 142.40592503547668, 142.44323134422302]