training_time: 198.78822112083435
epoch_times: [9.931833267211914, 9.844954013824463, 10.067159652709961, 9.913791418075562, 9.852651834487915, 9.946080684661865, 9.847728490829468, 9.903774738311768, 9.856379747390747, 9.965230703353882, 10.037703514099121, 9.959556102752686, 10.129827499389648, 10.00244951248169, 9.919461488723755, 9.919124603271484, 9.874256610870361, 9.906661987304688, 10.00820016860962, 9.901395082473755]