training_time: 91.18232560157776
epoch_times: [4.531170845031738, 4.547368288040161, 4.542788028717041, 4.487372875213623, 4.762712478637695, 4.508865118026733, 4.512882232666016, 4.527826309204102, 4.525754690170288, 4.538554668426514, 4.54291844367981, 4.4859254360198975, 4.522871255874634, 4.560352325439453, 4.538754224777222, 4.810596942901611, 4.554327726364136, 4.543457746505737, 4.5626819133758545, 4.575144052505493]