training_time: 2102.6695380210876
epoch_times: [103.91636276245117, 103.52468490600586, 105.68371200561523, 103.50425219535828, 103.50466752052307, 103.54251861572266, 105.70249962806702, 102.57170057296753, 102.57258296012878, 102.84862494468689, 102.43241381645203, 101.80812931060791, 102.9128429889679, 102.70556950569153, 102.67664885520935, 103.22213625907898, 111.33196783065796, 113.16383242607117, 113.81863522529602, 111.22575569152832]