training_time: 434.17148423194885
epoch_times: [24.55908441543579, 21.891448736190796, 20.75840139389038, 20.98413586616516, 21.414330005645752, 22.15065836906433, 21.632994890213013, 20.615496397018433, 20.240474939346313, 20.807175636291504, 21.710336685180664, 21.339463710784912, 22.22742772102356, 23.192136764526367, 21.16666889190674, 21.14137053489685, 21.14903235435486, 21.742637157440186, 23.051531076431274, 22.396678686141968]