training_time: 413.9147448539734
epoch_times: [22.215275287628174, 21.560720920562744, 21.22326135635376, 21.664697408676147, 21.98759698867798, 21.714828968048096, 20.78948140144348, 20.98579740524292, 21.136163473129272, 20.80913996696472, 21.157013177871704, 21.50172185897827, 20.257017374038696, 19.733908653259277, 19.3509259223938, 19.53511881828308, 19.82356882095337, 19.43137764930725, 19.564016103744507, 19.473113298416138]