training_time: 17.63365602493286
epoch_times: [0.8976645469665527, 0.8945794105529785, 0.8871135711669922, 0.8796627521514893, 0.8813667297363281, 0.881145715713501, 0.8787546157836914, 0.8774900436401367, 0.8746492862701416, 0.8749935626983643, 0.8777222633361816, 0.8792660236358643, 0.8780562877655029, 0.8767869472503662, 0.8873989582061768, 0.8902440071105957, 0.8749022483825684, 0.8851108551025391, 0.876617431640625, 0.8801307678222656]