training_time: 102.42197465896606
epoch_times: [5.393991231918335, 5.081027507781982, 5.082275390625, 5.0856406688690186, 5.070444345474243, 5.055395841598511, 5.055797338485718, 5.231814384460449, 5.078648805618286, 5.075673818588257, 5.104813814163208, 5.0856945514678955, 5.078665494918823, 5.066910028457642, 5.164382219314575, 5.112555265426636, 5.085486650466919, 5.311426162719727, 5.124401807785034, 5.076929330825806]