training_time: 56.07370901107788
epoch_times: [2.8056485652923584, 2.8034491539001465, 2.804616689682007, 2.8090078830718994, 2.8073782920837402, 2.805053472518921, 2.7980480194091797, 2.8022830486297607, 2.8100857734680176, 2.8082873821258545, 2.811537265777588, 2.801685094833374, 2.7969157695770264, 2.8067197799682617, 2.8067355155944824, 2.8022403717041016, 2.8013525009155273, 2.7950034141540527, 2.797011375427246, 2.800649642944336]