training_time: 94.36023235321045
epoch_times: [4.75196385383606, 4.745230674743652, 4.598541021347046, 4.495936632156372, 4.7604405879974365, 4.764034986495972, 4.660926342010498, 4.512730360031128, 4.978064775466919, 4.645425796508789, 4.563886880874634, 4.543933391571045, 4.969650745391846, 4.934314727783203, 4.808979034423828, 4.588020086288452, 4.620039463043213, 4.741099834442139, 4.84572958946228, 4.8312835693359375]