training_time: 17.71233606338501
epoch_times: [0.8882567882537842, 0.8865392208099365, 0.8923540115356445, 0.88930344581604, 0.8816637992858887, 0.8789832592010498, 0.8813209533691406, 0.8782670497894287, 0.8831367492675781, 0.8936567306518555, 0.8861956596374512, 0.9031546115875244, 0.8786511421203613, 0.8919837474822998, 0.8810343742370605, 0.8835060596466064, 0.8855783939361572, 0.882000207901001, 0.8857886791229248, 0.8809611797332764]