training_time: 424.5940365791321
epoch_times: [20.288620948791504, 20.09065270423889, 19.331069231033325, 20.58724331855774, 24.493825674057007, 24.683862447738647, 20.033781051635742, 20.88750195503235, 21.143935203552246, 21.500419855117798, 20.747151374816895, 21.936788320541382, 20.96765112876892, 20.749919176101685, 20.954440593719482, 21.28461265563965, 21.114619493484497, 20.855867385864258, 21.537630081176758, 21.404443979263306]