training_time: 20.669867038726807
epoch_times: [1.3651726245880127, 1.0206260681152344, 1.0162227153778076, 1.0080926418304443, 1.0100698471069336, 1.0055899620056152, 1.0305883884429932, 1.02000093460083, 1.0158958435058594, 1.0188207626342773, 1.0087242126464844, 1.0208542346954346, 1.0242257118225098, 1.0266311168670654, 1.0161857604980469, 1.0091907978057861, 1.0127530097961426, 1.0153682231903076, 1.024320125579834, 1.0005340576171875]