training_time: 1816.293892621994
epoch_times: [86.75327754020691, 86.69454503059387, 87.1127302646637, 86.96458387374878, 86.59951567649841, 86.58750867843628, 86.60548186302185, 87.40124654769897, 86.75541710853577, 86.61178088188171, 86.65946650505066, 87.09982681274414, 86.94112539291382, 95.98370456695557, 99.06782007217407, 98.97565150260925, 99.08388876914978, 96.12601256370544, 99.02997064590454, 99.24033832550049]