training_time: 100.37924885749817
epoch_times: [4.963481903076172, 5.007196664810181, 4.954783916473389, 5.25262975692749, 4.9712042808532715, 5.0093278884887695, 5.060049533843994, 5.1445512771606445, 5.009253025054932, 4.957064151763916, 4.930370569229126, 5.320601463317871, 4.932958126068115, 4.9892737865448, 4.977431535720825, 4.944833278656006, 5.0164947509765625, 4.952095031738281, 5.005091428756714, 4.980556488037109]