training_time: 1070.837198972702
epoch_times: [53.54855227470398, 53.57582354545593, 53.5713369846344, 53.556036949157715, 53.55316495895386, 53.548060178756714, 53.545905351638794, 53.64685797691345, 53.52209949493408, 53.51011252403259, 53.51299571990967, 53.503721475601196, 53.492048501968384, 53.504053592681885, 53.51642870903015, 53.52985954284668, 53.51898789405823, 53.51589798927307, 53.51738119125366, 53.64787411689758]