training_time: 87.51474332809448
epoch_times: [4.390389680862427, 4.37104058265686, 4.377692461013794, 4.385193109512329, 4.369801044464111, 4.370575189590454, 4.38256311416626, 4.382932662963867, 4.368805408477783, 4.372573137283325, 4.382493019104004, 4.382693767547607, 4.367568016052246, 4.372436285018921, 4.383424997329712, 4.373553276062012, 4.362968683242798, 4.36858606338501, 4.3806445598602295, 4.368808269500732]