training_time: 405.35591745376587
epoch_times: [21.375375747680664, 21.950324535369873, 21.33599066734314, 21.278212070465088, 21.812828540802002, 21.860118627548218, 20.387683153152466, 19.69926643371582, 19.52644181251526, 19.62662410736084, 19.704113245010376, 19.586690425872803, 19.63547158241272, 19.583584547042847, 19.634084224700928, 19.610642671585083, 19.796927213668823, 19.63179039955139, 19.658336400985718, 19.66141104698181]