training_time: 2095.0451953411102
epoch_times: [108.05567216873169, 107.27014136314392, 103.99341249465942, 104.39416480064392, 105.219482421875, 106.55029320716858, 103.97607612609863, 106.75365090370178, 106.82291460037231, 103.71926784515381, 103.80481028556824, 104.83600926399231, 103.37913537025452, 103.09475994110107, 103.9009256362915, 104.46643042564392, 103.3039002418518, 103.57611417770386, 104.40578126907349, 103.52225279808044]