training_time: 494.6749105453491
epoch_times: [23.523945808410645, 22.934041023254395, 22.54195475578308, 23.43002152442932, 23.169145584106445, 23.35742950439453, 23.210936784744263, 23.067842483520508, 23.727768421173096, 24.400495529174805, 25.13755464553833, 25.00723361968994, 25.980106830596924, 26.388659954071045, 26.432192087173462, 26.47985076904297, 26.966174364089966, 26.495151042938232, 26.153982639312744, 26.27042317390442]