training_time: 287.62765765190125
epoch_times: [14.31582760810852, 14.218736410140991, 14.168853521347046, 14.283605575561523, 14.523143291473389, 14.680144786834717, 14.493705034255981, 14.52622675895691, 14.512295007705688, 14.604845762252808, 14.70667290687561, 14.464152336120605, 14.550753831863403, 14.184663534164429, 14.293891429901123, 14.293346643447876, 14.175284624099731, 14.207895278930664, 14.183682203292847, 14.239931106567383]