training_time: 206.9130048751831
epoch_times: [10.112415790557861, 10.17341947555542, 10.214775085449219, 10.4797203540802, 10.251657485961914, 10.28283429145813, 10.321539878845215, 10.704688549041748, 10.409152507781982, 10.24686574935913, 10.248283386230469, 10.41979694366455, 10.4573814868927, 10.387504816055298, 10.263123750686646, 10.262999296188354, 10.296258687973022, 10.293271780014038, 10.419079780578613, 10.668235778808594]