training_time: 225.24395751953125
epoch_times: [11.218308448791504, 11.275479555130005, 11.437489748001099, 11.20484972000122, 11.166613578796387, 11.358404159545898, 11.144919157028198, 11.14164662361145, 11.303871393203735, 11.242746353149414, 11.106764316558838, 11.323248386383057, 11.45884370803833, 11.176509618759155, 11.238935232162476, 11.442137479782104, 11.193660020828247, 11.28355884552002, 11.222273826599121, 11.303697347640991]