training_time: 14.9588143825531
epoch_times: [0.7470629215240479, 0.7571554183959961, 0.7581939697265625, 0.7559852600097656, 0.7607297897338867, 0.7598628997802734, 0.7493710517883301, 0.749901294708252, 0.739640474319458, 0.7540283203125, 0.7528948783874512, 0.7462434768676758, 0.747983455657959, 0.7492802143096924, 0.7355177402496338, 0.7393205165863037, 0.7329246997833252, 0.7472681999206543, 0.7439241409301758, 0.7315256595611572]