training_time: 54.58833861351013
epoch_times: [2.7328782081604004, 2.732361316680908, 2.7284393310546875, 2.7282748222351074, 2.736311674118042, 2.7334604263305664, 2.7311758995056152, 2.7289907932281494, 2.727560043334961, 2.7280564308166504, 2.725874900817871, 2.7292895317077637, 2.732248067855835, 2.7342331409454346, 2.73264217376709, 2.7274441719055176, 2.721949815750122, 2.7234973907470703, 2.7245185375213623, 2.7291319370269775]