training_time: 2171.033264398575
epoch_times: [107.83985376358032, 108.38027453422546, 107.92114591598511, 108.26022553443909, 108.75139164924622, 108.95285034179688, 108.50407218933105, 108.99171161651611, 108.99298095703125, 108.69874501228333, 108.65035724639893, 108.90252041816711, 108.89664149284363, 108.37271237373352, 108.4627034664154, 108.60048913955688, 108.42807817459106, 108.36938619613647, 108.56590986251831, 108.49121451377869]