training_time: 437.40931963920593
epoch_times: [23.214736223220825, 22.518577575683594, 23.122711658477783, 22.17320966720581, 21.340471506118774, 20.51092529296875, 21.50984811782837, 21.901073217391968, 21.21367597579956, 21.422154188156128, 22.61325216293335, 21.892802476882935, 21.954917907714844, 21.567246437072754, 21.79026699066162, 21.814629316329956, 21.612279176712036, 21.637256145477295, 21.55276918411255, 22.04651641845703]