training_time: 511.0951449871063
epoch_times: [26.80338740348816, 26.30530834197998, 26.807936429977417, 25.88098955154419, 26.07797122001648, 26.32858109474182, 26.058629035949707, 26.041264295578003, 26.0842022895813, 26.010364294052124, 26.230413675308228, 25.858892917633057, 25.871353149414062, 26.30235981941223, 25.41771697998047, 24.199580192565918, 23.66755247116089, 23.663973093032837, 23.616151332855225, 23.86851739883423]