training_time: 89.80198502540588
epoch_times: [4.49558424949646, 4.4612345695495605, 4.460803747177124, 4.4856791496276855, 4.478404760360718, 4.3920063972473145, 4.429893493652344, 4.484818696975708, 4.497886419296265, 4.49637508392334, 4.441749334335327, 4.497915506362915, 4.463540554046631, 4.534308195114136, 4.56239914894104, 4.492188215255737, 4.562080144882202, 4.550518989562988, 4.490801572799683, 4.523796796798706]