training_time: 2946.1124720573425
epoch_times: [145.89631867408752, 147.7938187122345, 146.3584008216858, 148.37408113479614, 146.24383664131165, 148.53720831871033, 147.7549593448639, 146.80199456214905, 149.77384090423584, 145.72776341438293, 148.5093228816986, 147.7853865623474, 147.77294182777405, 145.11250042915344, 148.01377487182617, 147.07328724861145, 146.2096688747406, 148.58759999275208, 145.74154710769653, 148.04421973228455]