training_time: 149.61955213546753
epoch_times: [7.769510984420776, 7.644991874694824, 7.829055070877075, 7.855480194091797, 7.869628190994263, 7.912354469299316, 7.66806960105896, 8.086673259735107, 7.957677125930786, 7.533583879470825, 7.4179136753082275, 7.541479110717773, 7.200536489486694, 7.03294563293457, 7.233170032501221, 6.999046564102173, 6.998402833938599, 7.020470380783081, 7.0196778774261475, 7.0288848876953125]