training_time: 1058.9695644378662
epoch_times: [53.43463110923767, 52.95037293434143, 52.80415916442871, 52.73655414581299, 52.76019048690796, 52.987083435058594, 53.027416944503784, 53.2717502117157, 52.915223360061646, 52.83344268798828, 52.80017709732056, 52.81556963920593, 53.02024221420288, 53.228429079055786, 53.04396367073059, 52.861260652542114, 52.77653694152832, 52.7782723903656, 52.975911140441895, 52.94837713241577]