training_time: 429.157399892807
epoch_times: [22.436150550842285, 21.35979962348938, 21.37280249595642, 21.79657816886902, 22.240577459335327, 23.100279331207275, 23.429056882858276, 21.107309818267822, 21.42655301094055, 20.762325525283813, 21.74737524986267, 20.92468237876892, 22.287344217300415, 20.916378021240234, 22.89390277862549, 20.371128797531128, 20.59458827972412, 20.137097597122192, 19.834647178649902, 20.418822526931763]