training_time: 182.76857686042786
epoch_times: [9.027549028396606, 8.963758707046509, 9.17467975616455, 8.927422761917114, 9.241774559020996, 9.139766216278076, 8.983922719955444, 9.03038501739502, 9.157567262649536, 9.178911209106445, 9.14861249923706, 9.20884370803833, 9.090290069580078, 8.984655618667603, 9.338930368423462, 9.212319612503052, 9.889799118041992, 8.983622550964355, 8.93610429763794, 9.149661779403687]