training_time: 92.99248623847961
epoch_times: [4.677174806594849, 4.700129985809326, 4.697630167007446, 4.614024877548218, 4.645431280136108, 4.747582197189331, 4.84063458442688, 4.596083641052246, 4.799188613891602, 4.565068960189819, 4.512919187545776, 4.568101406097412, 4.5346667766571045, 4.613048076629639, 4.633007049560547, 4.776590585708618, 4.669510841369629, 4.580198764801025, 4.640190839767456, 4.581303596496582]