training_time: 506.4091730117798
epoch_times: [26.638832092285156, 26.333603143692017, 25.92146325111389, 25.47105383872986, 25.287901401519775, 24.842257022857666, 24.939889430999756, 24.981252193450928, 24.889830827713013, 25.40644097328186, 25.49879789352417, 25.229212045669556, 25.113045692443848, 25.190674543380737, 26.199095964431763, 25.873818397521973, 26.017899751663208, 24.63874650001526, 23.793389081954956, 24.141968965530396]