training_time: 430.44159722328186
epoch_times: [21.848475456237793, 22.205976247787476, 21.895980834960938, 21.834145307540894, 21.532654762268066, 21.329041719436646, 21.308539628982544, 21.815550088882446, 21.945239305496216, 22.008384704589844, 21.78886342048645, 21.27317237854004, 20.40731930732727, 19.742173671722412, 21.557580709457397, 21.5701322555542, 21.5700523853302, 21.51008367538452, 21.7302188873291, 21.568012475967407]