training_time: 55.45983552932739
epoch_times: [2.8358676433563232, 2.7681658267974854, 2.776250123977661, 2.769881248474121, 2.7728049755096436, 2.770210027694702, 2.752732753753662, 2.7635750770568848, 2.7766077518463135, 2.7759647369384766, 2.7754714488983154, 2.771204948425293, 2.76415753364563, 2.762941360473633, 2.7698841094970703, 2.777482509613037, 2.775345802307129, 2.7740156650543213, 2.761991262435913, 2.7652807235717773]