training_time: 23.064942121505737
epoch_times: [1.1805107593536377, 1.1635034084320068, 1.1526110172271729, 1.146862268447876, 1.1644511222839355, 1.1513707637786865, 1.1485023498535156, 1.1521027088165283, 1.1422853469848633, 1.1393141746520996, 1.135976791381836, 1.1157989501953125, 1.1521546840667725, 1.1483476161956787, 1.1680071353912354, 1.1714718341827393, 1.1510562896728516, 1.148738145828247, 1.1682379245758057, 1.1636388301849365]