training_time: 2162.7478692531586
epoch_times: [108.7364661693573, 108.30992913246155, 107.68196725845337, 109.1846992969513, 107.71351218223572, 108.69578099250793, 107.55965399742126, 108.12540555000305, 108.17374515533447, 107.0921380519867, 108.61587524414062, 107.41232681274414, 109.09264206886292, 108.11077761650085, 107.69312906265259, 108.95444083213806, 107.01156187057495, 109.05938506126404, 107.43454909324646, 108.08988380432129]