training_time: 59.36311435699463
epoch_times: [2.9772353172302246, 2.924165964126587, 2.947946071624756, 2.9147279262542725, 2.9363601207733154, 2.9342386722564697, 2.955244302749634, 2.9305808544158936, 3.152778387069702, 2.9261794090270996, 2.9525461196899414, 2.9504480361938477, 2.974440097808838, 2.967707872390747, 3.1967780590057373, 2.9471347332000732, 2.9514567852020264, 2.92824125289917, 2.9650890827178955, 2.9298152923583984]