training_time: 29.012212991714478
epoch_times: [1.6198608875274658, 1.4523682594299316, 1.4312374591827393, 1.444833755493164, 1.4381747245788574, 1.4436054229736328, 1.448258876800537, 1.4410839080810547, 1.4361205101013184, 1.4399070739746094, 1.436169147491455, 1.4440536499023438, 1.44284987449646, 1.4495339393615723, 1.4361152648925781, 1.443054437637329, 1.4406769275665283, 1.4417145252227783, 1.4346656799316406, 1.4479286670684814]