training_time: 30.378767490386963
epoch_times: [1.4889588356018066, 1.4888279438018799, 1.4749350547790527, 1.4856808185577393, 1.4824650287628174, 1.4940578937530518, 1.5807781219482422, 1.6018407344818115, 1.4799349308013916, 1.4780521392822266, 1.4922266006469727, 1.4812514781951904, 1.499598741531372, 1.476038932800293, 1.4880545139312744, 1.4770748615264893, 1.5056276321411133, 1.6136815547943115, 1.578930139541626, 1.7107515335083008]