training_time: 97.53910255432129
epoch_times: [5.030658006668091, 4.864077806472778, 4.861875772476196, 4.865934133529663, 4.854212760925293, 4.862763166427612, 4.864628791809082, 4.868460416793823, 4.866957902908325, 4.865952730178833, 4.858580827713013, 4.997855186462402, 4.8710551261901855, 4.859853744506836, 4.857578277587891, 4.856726408004761, 4.859111785888672, 4.855465412139893, 4.85917329788208, 4.858180999755859]