training_time: 207.78468942642212
epoch_times: [10.678083658218384, 10.355917930603027, 10.714834451675415, 10.562588214874268, 10.332681655883789, 10.242182970046997, 10.530577659606934, 10.367645502090454, 10.491645812988281, 10.40176510810852, 10.34843921661377, 10.328599214553833, 10.50329065322876, 10.494901657104492, 10.416280508041382, 10.269531011581421, 10.640477180480957, 10.34224557876587, 9.939900398254395, 9.823101043701172]