training_time: 184.51417994499207
epoch_times: [9.367826700210571, 9.194019317626953, 9.224248886108398, 9.165788412094116, 9.239300727844238, 9.192925691604614, 9.231809139251709, 9.303695917129517, 9.295502185821533, 9.258011817932129, 9.206328630447388, 9.262866973876953, 9.155674934387207, 9.181541204452515, 9.171276092529297, 9.251057147979736, 9.192279815673828, 9.241777658462524, 9.182254552841187, 9.195994138717651]