training_time: 15.142890214920044
epoch_times: [0.7590322494506836, 0.7526204586029053, 0.7580626010894775, 0.7615187168121338, 0.7558352947235107, 0.7599964141845703, 0.7716770172119141, 0.759986162185669, 0.7558510303497314, 0.7544581890106201, 0.7497522830963135, 0.7530627250671387, 0.7423386573791504, 0.7753186225891113, 0.7523932456970215, 0.7580273151397705, 0.7550961971282959, 0.7631258964538574, 0.7520065307617188, 0.7527306079864502]