training_time: 111.9589433670044
epoch_times: [5.6974546909332275, 5.681817293167114, 5.625310659408569, 5.6009814739227295, 5.618593454360962, 5.607003927230835, 5.6386706829071045, 5.59047269821167, 5.670647621154785, 5.5192694664001465, 5.501908540725708, 5.521326541900635, 5.528679609298706, 5.52004861831665, 5.5082855224609375, 5.513458013534546, 5.50805401802063, 5.616476774215698, 5.905129909515381, 5.585353851318359]