training_time: 108.71447658538818
epoch_times: [5.407750129699707, 5.684975624084473, 5.549478054046631, 5.598447322845459, 5.60746955871582, 5.60664701461792, 5.636106491088867, 5.528305768966675, 5.521144866943359, 5.585345983505249, 5.522312641143799, 5.698976755142212, 5.6213743686676025, 5.509612560272217, 5.592464923858643, 4.975578546524048, 5.074897289276123, 5.028210401535034, 4.968661785125732, 4.996716499328613]