training_time: 92.84713387489319
epoch_times: [4.560950756072998, 4.662120819091797, 4.592954635620117, 4.626553058624268, 4.6310014724731445, 4.703993082046509, 4.638586759567261, 4.7223875522613525, 4.6264142990112305, 4.798506498336792, 4.633572578430176, 4.677892684936523, 4.775552749633789, 4.647038221359253, 4.587661504745483, 4.540082693099976, 4.5571019649505615, 4.553395748138428, 4.574393272399902, 4.736973524093628]