training_time: 1995.7649710178375
epoch_times: [102.35901737213135, 101.30299854278564, 98.04085040092468, 100.22110795974731, 98.98906946182251, 99.08952713012695, 99.143798828125, 99.21932888031006, 99.30589985847473, 100.7407808303833, 101.35804891586304, 97.94236207008362, 99.35513114929199, 99.32280278205872, 99.38201975822449, 99.32080245018005, 99.36320996284485, 99.4378252029419, 100.47338438034058, 101.39700508117676]