training_time: 513.6907658576965
epoch_times: [26.56582021713257, 26.586063861846924, 26.356470346450806, 26.271920442581177, 25.966418743133545, 25.601503133773804, 25.557727813720703, 25.643064737319946, 26.021421909332275, 26.024776697158813, 25.8115291595459, 25.56568193435669, 25.501627206802368, 25.61579155921936, 25.342350721359253, 23.536742687225342, 25.208390951156616, 25.668728828430176, 25.3298819065094, 25.51485300064087]