training_time: 1170.8565356731415
epoch_times: [58.57078218460083, 58.43868064880371, 58.32770919799805, 58.6949257850647, 59.27487015724182, 58.76548147201538, 58.577038526535034, 58.32335805892944, 58.54298782348633, 58.596882343292236, 58.60221028327942, 58.38712406158447, 58.81659412384033, 58.44446349143982, 58.318115234375, 58.320282220840454, 58.43569350242615, 58.46965789794922, 58.4509551525116, 58.49872350692749]