training_time: 3045.759896993637
epoch_times: [156.8184037208557, 152.23873567581177, 154.62849497795105, 152.29641962051392, 151.9061141014099, 153.82519841194153, 151.76844263076782, 154.67679834365845, 151.29653334617615, 154.92043542861938, 150.33538436889648, 154.4340431690216, 151.09549689292908, 153.83017373085022, 153.53694438934326, 151.10678029060364, 150.42158484458923, 148.196115732193, 149.9871108531952, 148.4406864643097]