training_time: 225.3217556476593
epoch_times: [11.554774045944214, 11.122893571853638, 11.241308212280273, 11.530613660812378, 11.162087202072144, 11.269253730773926, 11.303114414215088, 11.205580711364746, 11.247385740280151, 11.220900297164917, 11.387537002563477, 11.217731475830078, 11.213996410369873, 11.451476812362671, 11.16358494758606, 11.197021722793579, 11.175878763198853, 11.265787363052368, 11.254149913787842, 11.136679649353027]