training_time: 1748.626370191574
epoch_times: [87.76056003570557, 87.47254371643066, 87.72219133377075, 87.56364297866821, 87.85623478889465, 87.09788012504578, 87.17819023132324, 87.12663745880127, 87.58853459358215, 87.27662396430969, 87.14133739471436, 87.08407020568848, 87.56654477119446, 87.31723952293396, 87.17450785636902, 87.10190868377686, 87.86028242111206, 87.73985171318054, 87.58785557746887, 87.40973281860352]