training_time: 380.31165599823
epoch_times: [19.801883220672607, 19.32188606262207, 19.044344902038574, 18.908413887023926, 18.980687379837036, 18.863903045654297, 18.911739587783813, 18.835009336471558, 19.025880813598633, 18.78794240951538, 19.19098210334778, 18.641472816467285, 19.05968713760376, 18.957578420639038, 19.062501430511475, 18.710744619369507, 18.9924213886261, 19.170799016952515, 19.096060037612915, 18.947718381881714]