training_time: 102.34055542945862
epoch_times: [5.640856742858887, 5.3467066287994385, 5.075223445892334, 5.055013418197632, 5.092632532119751, 5.089321851730347, 5.217041730880737, 4.9933741092681885, 5.007049798965454, 5.278506755828857, 5.159372568130493, 5.029280424118042, 5.143870115280151, 5.045994520187378, 4.981949329376221, 5.037435054779053, 5.037134885787964, 5.019508361816406, 5.101259708404541, 4.989023447036743]