training_time: 432.88313722610474
epoch_times: [21.569380044937134, 21.900443077087402, 21.328131675720215, 21.441200256347656, 21.965500831604004, 22.12261652946472, 22.00259017944336, 22.180909156799316, 21.98579430580139, 21.814525365829468, 21.33775806427002, 21.54878830909729, 20.561105012893677, 19.524495124816895, 21.290095329284668, 21.86944079399109, 21.930190801620483, 22.187898635864258, 21.995338201522827, 22.326935529708862]