training_time: 29.022234201431274
epoch_times: [1.4584698677062988, 1.4551982879638672, 1.4414963722229004, 1.449779748916626, 1.4461777210235596, 1.4521512985229492, 1.4529635906219482, 1.448317050933838, 1.4392001628875732, 1.4476368427276611, 1.439446210861206, 1.4558217525482178, 1.4608275890350342, 1.4544551372528076, 1.4802825450897217, 1.4502661228179932, 1.4414575099945068, 1.449751853942871, 1.4497101306915283, 1.448824405670166]