training_time: 2079.8663926124573
epoch_times: [106.42241144180298, 109.67413711547852, 109.53276658058167, 110.4404935836792, 109.69077348709106, 101.98374819755554, 100.74127101898193, 103.60998868942261, 102.50400686264038, 101.7514591217041, 101.50417971611023, 103.69011282920837, 102.33246207237244, 101.55083560943604, 100.68006324768066, 102.57701396942139, 104.04091119766235, 101.58185863494873, 103.60369896888733, 101.95420026779175]