training_time: 200.5581774711609
epoch_times: [10.080837965011597, 10.005648851394653, 9.996857166290283, 10.200886011123657, 10.245505571365356, 10.169647693634033, 10.248421430587769, 9.93682312965393, 9.88642406463623, 9.87511920928955, 10.134643077850342, 10.022120237350464, 10.01354432106018, 9.921653747558594, 9.964437246322632, 9.913462162017822, 9.925791501998901, 10.069272756576538, 9.945369958877563, 10.001711368560791]