training_time: 180.64369082450867
epoch_times: [9.006786584854126, 8.972914457321167, 8.990325450897217, 8.963523387908936, 9.044383764266968, 8.946439266204834, 8.97865080833435, 8.948818445205688, 8.944466829299927, 8.959719896316528, 8.93419599533081, 8.960715770721436, 8.950298547744751, 9.011805057525635, 9.07239294052124, 9.03869366645813, 8.948859691619873, 9.501444101333618, 9.24512267112732, 9.224133491516113]