training_time: 502.43691420555115
epoch_times: [23.88386106491089, 23.49243187904358, 23.622538328170776, 23.585928916931152, 22.951853036880493, 22.70052194595337, 22.5425968170166, 26.178088188171387, 27.34517741203308, 26.52622628211975, 26.19571566581726, 26.525088787078857, 26.489213705062866, 25.99356722831726, 25.753694534301758, 25.593267679214478, 25.25206208229065, 26.69603705406189, 25.369993686676025, 25.739049911499023]