training_time: 14.94657564163208
epoch_times: [0.758779764175415, 0.7471721172332764, 0.7587976455688477, 0.748509407043457, 0.7440204620361328, 0.7505111694335938, 0.7529089450836182, 0.745013952255249, 0.7347033023834229, 0.7215147018432617, 0.7262144088745117, 0.7337288856506348, 0.7586033344268799, 0.7552933692932129, 0.7419679164886475, 0.7480587959289551, 0.7495095729827881, 0.7517271041870117, 0.7624053955078125, 0.7571353912353516]