training_time: 2185.7900762557983
epoch_times: [111.74450492858887, 111.66037797927856, 110.9728136062622, 110.75810194015503, 110.93963193893433, 110.8012809753418, 110.77769732475281, 111.02203798294067, 110.13100934028625, 109.90883684158325, 109.6929202079773, 110.0306932926178, 110.12004709243774, 109.80290460586548, 110.0544924736023, 109.42317199707031, 109.42928624153137, 106.6518337726593, 101.0823757648468, 100.78605794906616]