training_time: 104.03531765937805
epoch_times: [5.169013261795044, 5.150987386703491, 5.143819570541382, 5.146708011627197, 5.539730548858643, 5.128674030303955, 5.1898181438446045, 5.145134210586548, 5.126331567764282, 5.146812915802002, 5.138030767440796, 5.546046495437622, 5.142137050628662, 5.138919353485107, 5.151724338531494, 5.148932695388794, 5.155880451202393, 5.147439479827881, 5.42768120765686, 5.151496171951294]