training_time: 204.0171353816986
epoch_times: [10.584516525268555, 10.154343843460083, 10.227397918701172, 10.2769136428833, 10.262308120727539, 10.174896240234375, 10.159281969070435, 10.200267553329468, 10.237748384475708, 10.146087884902954, 10.176582336425781, 10.15843152999878, 10.154096841812134, 10.151092290878296, 10.103824138641357, 10.173710584640503, 10.150611400604248, 10.170172214508057, 10.164855241775513, 10.189996719360352]