training_time: 1182.0382475852966
epoch_times: [60.52122640609741, 59.344210147857666, 59.05391263961792, 58.986228466033936, 58.871949434280396, 58.87422466278076, 58.94089317321777, 59.13259768486023, 59.41226077079773, 58.956440925598145, 58.997567653656006, 58.84604477882385, 58.96840476989746, 58.8366973400116, 58.86254048347473, 59.066277265548706, 59.511645555496216, 59.001877784729004, 58.96630811691284, 58.88693952560425]