training_time: 112.72380018234253
epoch_times: [5.5890631675720215, 5.571298122406006, 5.575746774673462, 5.570100784301758, 5.621001958847046, 5.624565362930298, 5.76080584526062, 6.172107219696045, 5.631880760192871, 5.607105255126953, 5.603219509124756, 5.596347332000732, 5.605849504470825, 5.593749523162842, 5.595675706863403, 5.607228755950928, 5.5968756675720215, 5.595720052719116, 5.592155933380127, 5.613302946090698]