training_time: 434.14464712142944
epoch_times: [21.686354160308838, 20.976445198059082, 21.280409574508667, 21.873152017593384, 23.18843364715576, 23.268920421600342, 21.796075105667114, 19.944777488708496, 20.68718123435974, 21.203189373016357, 21.152247667312622, 22.981372833251953, 23.060203552246094, 21.348337173461914, 21.10786008834839, 20.781412601470947, 21.659176349639893, 22.724584579467773, 21.87587308883667, 21.548640966415405]