training_time: 512.4265999794006
epoch_times: [26.728347063064575, 26.383771419525146, 26.198835611343384, 26.024332761764526, 25.920698165893555, 26.071845054626465, 25.897143363952637, 25.71058464050293, 25.768399238586426, 25.841145992279053, 25.780662536621094, 26.580996990203857, 25.613038539886475, 25.406028747558594, 24.282718181610107, 23.946842193603516, 25.035340309143066, 25.05451011657715, 24.967085123062134, 25.214273929595947]