training_time: 149.33353304862976
epoch_times: [7.565098285675049, 7.51746678352356, 7.512446165084839, 7.503934860229492, 7.514676809310913, 7.526225566864014, 7.485280752182007, 7.409016370773315, 7.437304258346558, 7.406712293624878, 7.409236431121826, 7.408647775650024, 7.416662216186523, 7.426779508590698, 7.4233574867248535, 7.425701856613159, 7.426719427108765, 7.4605393409729, 7.515180826187134, 7.542546033859253]