training_time: 431.53785848617554
epoch_times: [21.508209705352783, 20.476598024368286, 20.5860013961792, 21.508460521697998, 22.138054370880127, 21.298911094665527, 20.447548151016235, 20.05648112297058, 21.22231936454773, 21.267982482910156, 22.652753353118896, 22.289835214614868, 20.63813018798828, 21.4786696434021, 22.087255001068115, 22.011043310165405, 22.517772674560547, 23.29264998435974, 22.87392020225525, 21.18526268005371]