training_time: 427.9665277004242
epoch_times: [21.655283451080322, 21.274249792099, 21.261582612991333, 21.666849851608276, 21.43739104270935, 21.811095714569092, 21.749151945114136, 21.674095630645752, 21.26270842552185, 21.44027352333069, 21.441985845565796, 21.638023376464844, 20.564552545547485, 19.831899404525757, 21.080252170562744, 21.382383346557617, 21.33493423461914, 21.56183934211731, 21.998399257659912, 21.89957618713379]