training_time: 2013.8539407253265
epoch_times: [100.25628876686096, 100.62883734703064, 100.64789032936096, 101.14173626899719, 100.83915448188782, 100.72801160812378, 100.5368218421936, 101.06454110145569, 100.76192307472229, 100.50301766395569, 100.8291540145874, 100.61071181297302, 100.55557322502136, 100.50612092018127, 100.5337495803833, 101.14267897605896, 100.72279357910156, 100.70544457435608, 100.5429196357727, 100.59657192230225]