training_time: 2084.529096364975
epoch_times: [103.3988151550293, 104.52108526229858, 104.02363395690918, 103.87801718711853, 103.92173767089844, 103.5035011768341, 104.85509991645813, 101.85777163505554, 105.11113500595093, 104.34941959381104, 106.61764788627625, 103.11482071876526, 104.00263404846191, 103.80624961853027, 104.79557228088379, 103.32679319381714, 105.87528204917908, 104.26922631263733, 104.55576801300049, 104.74488568305969]