training_time: 292.05877709388733
epoch_times: [14.387078762054443, 14.633090019226074, 14.610629081726074, 14.389268636703491, 14.63195276260376, 14.548276662826538, 14.615301370620728, 14.683299541473389, 14.575928449630737, 14.521164894104004, 14.52769947052002, 14.551990985870361, 14.71894907951355, 14.563921928405762, 14.735140562057495, 14.738504886627197, 14.625268459320068, 14.69334888458252, 14.687370300292969, 14.62059235572815]