training_time: 99.64951801300049
epoch_times: [5.0004801750183105, 5.004249572753906, 5.03369140625, 4.980545520782471, 5.016635179519653, 5.003130912780762, 5.010401725769043, 5.001636266708374, 5.017361164093018, 4.979314804077148, 4.9821507930755615, 5.0107691287994385, 4.964530944824219, 4.976367712020874, 4.992959499359131, 4.93199610710144, 4.963904142379761, 4.948629140853882, 4.906275033950806, 4.92448878288269]