training_time: 11.591052532196045
epoch_times: [0.5923607349395752, 0.5826478004455566, 0.5879154205322266, 0.5845742225646973, 0.5854182243347168, 0.5756456851959229, 0.5755558013916016, 0.5738339424133301, 0.5751602649688721, 0.5754773616790771, 0.5754773616790771, 0.5786819458007812, 0.5751452445983887, 0.5870685577392578, 0.5875329971313477, 0.5849051475524902, 0.5731508731842041, 0.5727918148040771, 0.571324348449707, 0.5763847827911377]