training_time: 423.6863374710083
epoch_times: [22.922623872756958, 20.81373119354248, 21.637887954711914, 21.37091040611267, 20.708399295806885, 21.354427337646484, 21.31441330909729, 20.073143005371094, 21.713570594787598, 21.024746894836426, 20.958155870437622, 21.589375257492065, 20.953165531158447, 20.865721225738525, 21.24267554283142, 21.530134201049805, 20.772278547286987, 21.355775594711304, 20.776812076568604, 20.70838975906372]