training_time: 165.7882523536682
epoch_times: [8.479169368743896, 8.036824941635132, 8.252930641174316, 8.395388126373291, 8.255133867263794, 8.397153615951538, 8.493024110794067, 8.332408905029297, 8.335425853729248, 8.556849479675293, 8.554203033447266, 8.02543592453003, 8.485160827636719, 8.273224830627441, 7.989278554916382, 8.050198078155518, 7.986522912979126, 8.308573961257935, 8.194461584091187, 8.386883735656738]