training_time: 115.08531212806702
epoch_times: [5.742147922515869, 5.76729154586792, 5.716464042663574, 5.721320629119873, 5.764662504196167, 5.7790846824646, 5.703278303146362, 5.766805648803711, 5.779322624206543, 5.786695957183838, 5.789743423461914, 5.689382314682007, 5.754913091659546, 5.745270013809204, 5.750546932220459, 5.763172626495361, 5.755235433578491, 5.763485670089722, 5.726828336715698, 5.819660425186157]