training_time: 258.2125222682953
epoch_times: [13.444632768630981, 13.757751226425171, 12.927601337432861, 13.480919122695923, 12.780874013900757, 13.243189573287964, 11.912484169006348, 11.296988725662231, 12.753935813903809, 12.926408767700195, 13.525213479995728, 12.929913759231567, 12.901967287063599, 13.034515380859375, 12.905982732772827, 13.11953592300415, 13.280768632888794, 12.299643993377686, 13.034053802490234, 12.656141757965088]