training_time: 180.8083906173706
epoch_times: [8.958975315093994, 8.96130633354187, 9.093222379684448, 9.05364727973938, 9.081100225448608, 9.061764001846313, 9.175808191299438, 9.08795714378357, 9.085089683532715, 9.050520658493042, 9.063289403915405, 9.069252729415894, 9.052114963531494, 9.209368705749512, 8.95498776435852, 8.967732667922974, 8.974755764007568, 8.979402780532837, 8.94357419013977, 8.984520435333252]