training_time: 511.3157048225403
epoch_times: [24.19893527030945, 24.146955966949463, 24.40837073326111, 26.543293476104736, 26.202625036239624, 25.480403423309326, 25.22357416152954, 25.35920214653015, 25.539593935012817, 26.755555868148804, 26.101040601730347, 25.483694076538086, 25.502552270889282, 25.40839695930481, 26.170886993408203, 25.983527421951294, 26.236690044403076, 25.37864327430725, 25.42490005493164, 25.766863107681274]