training_time: 21.692503690719604
epoch_times: [1.0901124477386475, 1.1022815704345703, 1.1104376316070557, 0.9984631538391113, 1.1010329723358154, 0.9822702407836914, 1.1030371189117432, 1.0014898777008057, 1.1322100162506104, 1.130655288696289, 1.1319375038146973, 1.1423344612121582, 1.0342257022857666, 1.0038223266601562, 1.1524641513824463, 1.1445813179016113, 1.1497406959533691, 1.138289451599121, 1.0406458377838135, 1.002471923828125]