training_time: 1916.1164059638977
epoch_times: [95.9696044921875, 95.77129769325256, 95.79187822341919, 95.85805749893188, 95.68218111991882, 95.70967054367065, 95.73149466514587, 95.78304123878479, 95.81027388572693, 95.78858876228333, 95.88440179824829, 95.83864736557007, 95.79599022865295, 95.79353427886963, 95.80510830879211, 95.80152869224548, 95.84456992149353, 95.86395287513733, 95.79260158538818, 95.79998278617859]