training_time: 208.0567982196808
epoch_times: [10.252429485321045, 10.372822999954224, 10.62120509147644, 10.609780311584473, 10.643457651138306, 10.533388376235962, 10.636521339416504, 10.601706981658936, 10.630565881729126, 10.63654375076294, 10.553909301757812, 10.53505825996399, 10.53056812286377, 10.395041227340698, 10.064606189727783, 10.077032327651978, 10.086531639099121, 10.056997537612915, 10.138646125793457, 10.079985618591309]