training_time: 1790.2570869922638
epoch_times: [89.40469431877136, 89.68766045570374, 89.33300709724426, 89.1746416091919, 89.42439126968384, 89.52659773826599, 89.5865912437439, 89.42120456695557, 89.35137462615967, 89.48308181762695, 89.42539954185486, 89.44027352333069, 89.57704067230225, 89.69182419776917, 91.20949482917786, 89.67106747627258, 89.17755055427551, 89.17008066177368, 89.18485164642334, 89.3162591457367]