training_time: 19.65435028076172
epoch_times: [0.9892292022705078, 0.9892454147338867, 0.9805331230163574, 0.9846336841583252, 0.9798874855041504, 0.9818739891052246, 0.9853951930999756, 0.9861328601837158, 0.981665849685669, 0.9806911945343018, 0.9811830520629883, 0.9790952205657959, 0.9758625030517578, 0.9766049385070801, 0.9905605316162109, 0.9846107959747314, 0.9808096885681152, 0.9843504428863525, 0.9830977916717529, 0.9788873195648193]