training_time: 14.982722759246826
epoch_times: [0.7515602111816406, 0.7393209934234619, 0.7507803440093994, 0.7492771148681641, 0.7494204044342041, 0.7407181262969971, 0.7536766529083252, 0.761054515838623, 0.7455267906188965, 0.7532391548156738, 0.7473549842834473, 0.7547268867492676, 0.7528929710388184, 0.7501018047332764, 0.7486567497253418, 0.7536072731018066, 0.7344403266906738, 0.7441229820251465, 0.7568824291229248, 0.7453620433807373]