training_time: 19.534268856048584
epoch_times: [0.9822635650634766, 0.9777250289916992, 0.9771668910980225, 0.9754188060760498, 0.9835920333862305, 0.9719898700714111, 0.9699461460113525, 0.984837532043457, 0.9736800193786621, 0.971123456954956, 0.9757041931152344, 0.9720163345336914, 0.9709908962249756, 0.9717566967010498, 0.9766969680786133, 0.9810030460357666, 0.9891338348388672, 0.9706692695617676, 0.977407693862915, 0.9811465740203857]