training_time: 59.66376781463623
epoch_times: [2.970444917678833, 2.9263617992401123, 3.191176652908325, 2.931414842605591, 2.9236390590667725, 2.9279367923736572, 2.9249064922332764, 2.94034481048584, 3.289015769958496, 2.9184377193450928, 2.918504238128662, 2.928358793258667, 2.9278323650360107, 2.9240810871124268, 3.2724502086639404, 2.9303183555603027, 2.943588972091675, 2.977159023284912, 2.9375391006469727, 2.960256814956665]