training_time: 117.61183547973633
epoch_times: [5.865846157073975, 5.930351495742798, 5.934901237487793, 5.878148555755615, 5.731557846069336, 5.706878900527954, 5.913870573043823, 6.003383159637451, 5.954309463500977, 5.8896543979644775, 5.904596567153931, 5.962834358215332, 5.877567529678345, 5.900964975357056, 6.005641937255859, 5.717087984085083, 5.684096574783325, 5.848553419113159, 5.947351932525635, 5.954238414764404]