training_time: 512.9088113307953
epoch_times: [26.792782306671143, 26.12945556640625, 24.710136651992798, 25.866474151611328, 25.622983932495117, 25.986161470413208, 26.218592882156372, 25.540465593338013, 25.560747146606445, 25.87454843521118, 25.606969356536865, 25.239997386932373, 25.375581741333008, 25.441271781921387, 25.217551469802856, 25.464483976364136, 25.547263622283936, 25.42980122566223, 25.368533849716187, 25.915008783340454]