training_time: 115.99325752258301
epoch_times: [6.18675422668457, 5.883214950561523, 5.602249383926392, 5.612297058105469, 5.645693063735962, 5.680917501449585, 5.667578935623169, 5.690432071685791, 5.693843126296997, 6.115300893783569, 6.14053201675415, 5.674469470977783, 5.629490613937378, 5.600656032562256, 5.841001749038696, 5.675195932388306, 5.693264722824097, 5.679463148117065, 5.6584391593933105, 6.6224634647369385]