training_time: 58.899571895599365
epoch_times: [3.038163423538208, 2.9164464473724365, 2.8921754360198975, 2.89675235748291, 3.177630662918091, 2.9022254943847656, 2.9547717571258545, 2.9193427562713623, 3.1976068019866943, 2.8914635181427, 2.8780429363250732, 2.91976261138916, 2.9099650382995605, 2.8967413902282715, 2.8932199478149414, 2.8939526081085205, 2.95102596282959, 2.9079995155334473, 2.924471139907837, 2.937812089920044]