training_time: 2944.2326350212097
epoch_times: [147.6685163974762, 150.163902759552, 148.47510313987732, 150.4066960811615, 148.8327465057373, 150.35793805122375, 149.45421862602234, 144.74746179580688, 157.57712531089783, 149.8203182220459, 143.11641883850098, 143.12115383148193, 144.08430886268616, 146.74611830711365, 145.26990008354187, 145.1067008972168, 144.89542531967163, 144.8164622783661, 144.68863487243652, 144.88348484039307]