training_time: 102.98991799354553
epoch_times: [5.101534843444824, 5.088876247406006, 5.082447052001953, 5.16785740852356, 5.157996892929077, 5.400911808013916, 5.106570482254028, 5.090863227844238, 5.105769157409668, 5.108107089996338, 5.106553316116333, 5.078542709350586, 5.36787748336792, 5.094379901885986, 5.104312181472778, 5.114160060882568, 5.098536968231201, 5.117372989654541, 5.092100381851196, 5.4051477909088135]