training_time: 19.791995525360107
epoch_times: [0.9874818325042725, 0.9840798377990723, 0.9868490695953369, 0.9806532859802246, 0.9838767051696777, 0.9933974742889404, 0.9880781173706055, 0.9887421131134033, 0.9835634231567383, 0.9801762104034424, 0.9928901195526123, 0.9861083030700684, 0.9896650314331055, 0.9961032867431641, 1.008298635482788, 1.0072357654571533, 1.004237413406372, 0.9834403991699219, 0.9833023548126221, 0.9838161468505859]