training_time: 1057.29616522789
epoch_times: [52.74962019920349, 52.72526001930237, 52.74541521072388, 52.711801528930664, 52.76428413391113, 53.59008264541626, 54.21517372131348, 52.92503046989441, 52.7546010017395, 52.75611734390259, 52.75798034667969, 52.748457193374634, 52.80261182785034, 52.72665882110596, 52.71854758262634, 52.69625496864319, 52.73820352554321, 52.72378659248352, 52.72305917739868, 52.72321891784668]