training_time: 187.66840171813965
epoch_times: [9.506789684295654, 9.209678888320923, 9.497246503829956, 9.373640298843384, 9.538167953491211, 9.098477363586426, 9.293750524520874, 9.580169916152954, 9.56757640838623, 9.568530559539795, 9.402517795562744, 9.527720928192139, 9.337117910385132, 9.380274295806885, 9.38162350654602, 9.443873643875122, 9.423983335494995, 9.265488386154175, 9.063127040863037, 9.208646774291992]