training_time: 435.8071231842041
epoch_times: [22.139450073242188, 21.99493932723999, 21.66015934944153, 21.734928369522095, 21.912376880645752, 22.190521240234375, 22.143986463546753, 21.276158571243286, 20.766051530838013, 21.144819974899292, 21.602312088012695, 21.367384910583496, 21.511924028396606, 22.582920789718628, 22.490853548049927, 21.850984811782837, 22.265833139419556, 21.805781841278076, 21.653844594955444, 21.711891651153564]