training_time: 2968.925780773163
epoch_times: [147.72423243522644, 150.70670986175537, 148.4677062034607, 150.33574676513672, 147.98656630516052, 149.6430377960205, 147.9838101863861, 148.60964012145996, 149.80259537696838, 146.97617626190186, 148.40967392921448, 146.87230896949768, 148.63568353652954, 147.32400035858154, 149.7047564983368, 148.72542476654053, 147.97599983215332, 148.33971214294434, 146.38270711898804, 148.31929230690002]