training_time: 433.61097526550293
epoch_times: [22.50502586364746, 21.980982065200806, 22.160273551940918, 22.129469633102417, 21.948230743408203, 22.11770486831665, 22.158878326416016, 21.067878484725952, 20.54154920578003, 20.958980321884155, 21.273106336593628, 21.51001238822937, 20.96450185775757, 21.731311559677124, 21.797523260116577, 22.022589206695557, 21.743882656097412, 21.85870337486267, 21.554417371749878, 21.585954189300537]