training_time: 100.32465767860413
epoch_times: [5.148923397064209, 5.235729694366455, 5.210655450820923, 5.17765212059021, 5.161514759063721, 5.074474573135376, 5.157789468765259, 5.038030624389648, 5.209532737731934, 4.889554977416992, 4.8781726360321045, 4.89433217048645, 4.916741609573364, 4.904433727264404, 4.903838157653809, 4.904406785964966, 4.89943528175354, 4.923191070556641, 4.926981210708618, 4.869267225265503]