training_time: 1729.997656583786
epoch_times: [85.87056136131287, 85.7114565372467, 85.60286355018616, 86.01490235328674, 85.99752044677734, 86.62332844734192, 86.55479192733765, 87.07734870910645, 86.80105113983154, 86.60666370391846, 86.59978532791138, 86.42085266113281, 87.20448446273804, 86.70480871200562, 86.61038374900818, 86.56155371665955, 86.9391884803772, 86.84520125389099, 86.68762707710266, 86.56328296661377]