training_time: 17.513663053512573
epoch_times: [0.882636308670044, 0.8724572658538818, 0.8731060028076172, 0.8795444965362549, 0.897871732711792, 0.8746321201324463, 0.8824079036712646, 0.8701424598693848, 0.8689634799957275, 0.8706603050231934, 0.871835470199585, 0.8689148426055908, 0.868579626083374, 0.880617618560791, 0.8813438415527344, 0.8703019618988037, 0.8664429187774658, 0.8690452575683594, 0.8818490505218506, 0.8823103904724121]