training_time: 415.38091564178467
epoch_times: [19.607070922851562, 19.352341651916504, 19.536840438842773, 19.828399419784546, 19.432531356811523, 19.565224170684814, 19.48085904121399, 19.459614276885986, 23.53638529777527, 21.523304224014282, 21.18445134162903, 21.451225996017456, 21.4569251537323, 21.320502281188965, 21.436445236206055, 21.330665111541748, 20.853028297424316, 22.278760194778442, 21.663489818572998, 21.08285140991211]