training_time: 295.611611366272
epoch_times: [14.777547359466553, 14.877472877502441, 14.937217950820923, 14.715742349624634, 14.692116022109985, 14.912158966064453, 15.03514575958252, 14.723616123199463, 14.725450038909912, 14.73314356803894, 14.809465646743774, 14.713393688201904, 14.850668907165527, 14.818019390106201, 14.532701969146729, 15.193222522735596, 14.558442115783691, 14.56784439086914, 14.403713703155518, 15.034528017044067]