training_time: 2928.3857583999634
epoch_times: [147.40553975105286, 145.8439519405365, 145.7392098903656, 147.4242181777954, 144.46084785461426, 146.8437647819519, 145.13919019699097, 148.0073869228363, 146.91274118423462, 145.60659170150757, 148.87451219558716, 145.6196358203888, 147.76112914085388, 145.56013870239258, 148.0094347000122, 145.98675417900085, 146.557471036911, 147.0114870071411, 144.13403701782227, 145.48771619796753]