training_time: 11.55039644241333
epoch_times: [0.5943114757537842, 0.5778822898864746, 0.5792639255523682, 0.581782341003418, 0.57515549659729, 0.5761682987213135, 0.5731925964355469, 0.5726845264434814, 0.5756046772003174, 0.5808022022247314, 0.580136775970459, 0.5746355056762695, 0.5752077102661133, 0.5751652717590332, 0.5813658237457275, 0.5776560306549072, 0.579345703125, 0.5741591453552246, 0.5719974040985107, 0.5738792419433594]