training_time: 2019.7946412563324
epoch_times: [102.24059462547302, 105.23877501487732, 102.63598370552063, 101.83059573173523, 103.0286545753479, 102.29218411445618, 100.64898681640625, 100.06054353713989, 98.48051905632019, 99.33907151222229, 99.87398290634155, 100.50527834892273, 100.18487739562988, 100.23660182952881, 99.63607263565063, 100.27107000350952, 101.12804007530212, 99.2280764579773, 102.21794414520264, 100.71678876876831]