training_time: 113.21617794036865
epoch_times: [5.786123037338257, 5.607911109924316, 5.887466192245483, 5.638896703720093, 5.6201090812683105, 5.644782543182373, 5.62686562538147, 5.660187482833862, 5.649521589279175, 5.630552768707275, 5.642429828643799, 5.72160005569458, 5.635734558105469, 5.627052307128906, 5.6250176429748535, 5.633715629577637, 5.615394353866577, 5.631954908370972, 5.695328950881958, 5.635533571243286]