training_time: 180.66071343421936
epoch_times: [8.949181079864502, 8.907968521118164, 9.092869758605957, 9.06038761138916, 9.052900791168213, 9.064990520477295, 9.075873374938965, 9.087351083755493, 8.91621446609497, 9.067665338516235, 9.055514335632324, 9.042550325393677, 9.069780111312866, 9.048885107040405, 9.061190366744995, 8.913620233535767, 8.930755853652954, 9.099996328353882, 9.094072341918945, 9.06894588470459]