training_time: 103.6037929058075
epoch_times: [5.463891506195068, 5.381139516830444, 5.514822006225586, 5.5672852993011475, 5.285436630249023, 5.143012762069702, 4.994079351425171, 5.083370208740234, 5.059744596481323, 5.240911960601807, 5.001806020736694, 5.130350828170776, 5.150732040405273, 4.970364332199097, 5.100949764251709, 4.9780073165893555, 5.466238975524902, 5.0924904346466064, 5.01472544670105, 4.964433908462524]