training_time: 438.86797857284546
epoch_times: [23.466315984725952, 22.47701382637024, 21.982109785079956, 21.44056463241577, 21.90347123146057, 21.815117120742798, 21.396072387695312, 20.466524124145508, 22.39980721473694, 22.73615074157715, 20.99780011177063, 22.688481330871582, 21.89021396636963, 21.582594394683838, 21.568375825881958, 21.932823419570923, 22.726727962493896, 22.105027675628662, 21.695966005325317, 21.596820831298828]