training_time: 232.70360445976257
epoch_times: [12.033580780029297, 11.590767860412598, 11.866528749465942, 11.945309162139893, 11.27323317527771, 11.8372962474823, 11.964205503463745, 11.287516832351685, 11.975572347640991, 11.860852003097534, 11.308672428131104, 11.486881017684937, 11.340187788009644, 11.329076290130615, 11.295064449310303, 11.789623260498047, 11.776535749435425, 11.295844316482544, 11.870903015136719, 11.575953483581543]