training_time: 20.78925132751465
epoch_times: [1.064161777496338, 1.065643310546875, 1.0440778732299805, 1.0745277404785156, 1.0568759441375732, 1.0222909450531006, 1.0428721904754639, 1.032163143157959, 1.022399663925171, 1.0132653713226318, 1.025723934173584, 1.022094964981079, 1.0165882110595703, 1.0198309421539307, 1.028878927230835, 1.0302436351776123, 1.0185940265655518, 0.9995424747467041, 1.017347812652588, 1.172128438949585]