training_time: 112.92952632904053
epoch_times: [5.639651775360107, 5.6610329151153564, 5.644496917724609, 5.581539630889893, 5.576062917709351, 5.669686794281006, 5.684797048568726, 5.670414447784424, 5.653186082839966, 5.673063516616821, 5.649356842041016, 5.704853534698486, 5.665791273117065, 5.6731038093566895, 5.596175670623779, 5.573760509490967, 5.6157941818237305, 5.655622959136963, 5.680727958679199, 5.660407543182373]