training_time: 516.601350069046
epoch_times: [26.98670721054077, 26.845911026000977, 25.966365575790405, 25.589972019195557, 26.680263996124268, 25.054478406906128, 24.97307062149048, 24.73611068725586, 25.377331495285034, 25.546875476837158, 26.673239946365356, 26.85408043861389, 25.195146083831787, 25.442251443862915, 25.79577374458313, 25.920879125595093, 27.339163064956665, 25.190211296081543, 25.07082986831665, 25.362688541412354]