training_time: 436.94163250923157
epoch_times: [22.411369562149048, 22.20085906982422, 21.601942777633667, 21.42583441734314, 21.974518060684204, 22.18818163871765, 22.538317441940308, 22.63282036781311, 21.584746837615967, 21.57110095024109, 21.670451402664185, 21.68276810646057, 19.783799171447754, 22.44032335281372, 22.095661163330078, 22.052563667297363, 22.233431339263916, 21.55141043663025, 21.891843557357788, 21.40968918800354]