training_time: 1917.7566938400269
epoch_times: [101.62609338760376, 101.67493748664856, 99.00009989738464, 94.10410690307617, 94.38770771026611, 94.31306910514832, 94.09478974342346, 104.25002694129944, 98.92827844619751, 98.51651501655579, 96.11102628707886, 93.53278470039368, 93.8895673751831, 93.56410455703735, 93.43850302696228, 93.45387101173401, 93.34975481033325, 92.42495918273926, 93.63252258300781, 93.46397566795349]