training_time: 184.41622591018677
epoch_times: [9.330886602401733, 9.29625129699707, 9.244734287261963, 9.126765012741089, 9.106832265853882, 8.905786514282227, 8.965919256210327, 9.709386587142944, 9.666123390197754, 9.010507583618164, 9.072551965713501, 9.927762031555176, 8.918786764144897, 8.949294090270996, 9.248532772064209, 9.276188611984253, 9.187474489212036, 9.223195791244507, 9.12693738937378, 9.12230920791626]