training_time: 229.50971221923828
epoch_times: [11.141058921813965, 11.564034938812256, 11.619349002838135, 11.352712392807007, 11.575276851654053, 11.742373704910278, 11.148664951324463, 11.687670230865479, 11.745631694793701, 11.337232112884521, 11.80693793296814, 11.426817178726196, 11.493040323257446, 12.030989646911621, 11.217273712158203, 11.61137866973877, 11.135467052459717, 11.116872787475586, 11.220126628875732, 11.536803483963013]