training_time: 22.407124996185303
epoch_times: [1.1266264915466309, 1.1275403499603271, 1.1087782382965088, 1.106348991394043, 1.113816499710083, 1.1298141479492188, 1.1277210712432861, 1.125208854675293, 1.1298131942749023, 1.1114497184753418, 1.1030323505401611, 1.1296591758728027, 1.1325509548187256, 1.1121764183044434, 1.1261522769927979, 1.125333547592163, 1.115255355834961, 1.1143062114715576, 1.1220571994781494, 1.1194839477539062]