training_time: 445.2061791419983
epoch_times: [22.242088794708252, 22.220056533813477, 22.423699855804443, 22.188599824905396, 21.987037181854248, 22.026403188705444, 22.039461612701416, 21.462668895721436, 20.43404197692871, 22.221317291259766, 22.275507926940918, 22.367928504943848, 22.184734106063843, 22.70933985710144, 22.519562005996704, 22.503358125686646, 22.656506299972534, 22.98539113998413, 22.846093893051147, 22.912382125854492]