training_time: 1931.3195083141327
epoch_times: [95.9613082408905, 96.40131449699402, 96.88174033164978, 96.89333605766296, 96.49556493759155, 96.96537661552429, 96.9066390991211, 95.9259717464447, 96.866534948349, 96.51227450370789, 96.75873589515686, 96.8060884475708, 96.46963810920715, 96.85951519012451, 96.43494415283203, 97.0462555885315, 96.19974994659424, 96.97695088386536, 95.49554538726807, 96.46202373504639]