training_time: 225.77103900909424
epoch_times: [11.186753511428833, 11.291649580001831, 11.28111982345581, 11.17760705947876, 11.230467081069946, 11.193503856658936, 11.27130937576294, 11.504163980484009, 11.249874830245972, 11.168827295303345, 11.572638273239136, 11.276818990707397, 11.207030057907104, 11.351391553878784, 11.302044153213501, 11.134620189666748, 11.371630191802979, 11.44914984703064, 11.238794326782227, 11.311645030975342]