training_time: 2848.892003297806
epoch_times: [141.58122420310974, 141.5250072479248, 143.02141737937927, 142.19007778167725, 142.26784372329712, 141.27840614318848, 142.30693769454956, 142.15365600585938, 143.6804416179657, 142.41465830802917, 142.80393433570862, 143.71363306045532, 143.83647775650024, 143.1822419166565, 142.4716670513153, 142.4572024345398, 141.43226432800293, 141.90134644508362, 143.03233528137207, 141.64123058319092]