training_time: 1407.248599767685
epoch_times: [72.85864353179932, 73.05894207954407, 69.61433839797974, 66.01987648010254, 70.88696002960205, 69.20291948318481, 69.42775321006775, 69.31149077415466, 69.8812472820282, 71.70495557785034, 71.2661554813385, 70.48432111740112, 70.73654079437256, 70.80907821655273, 69.8431875705719, 70.94416236877441, 70.52035021781921, 69.48847031593323, 71.49882340431213, 69.69038343429565]