training_time: 55.20511174201965
epoch_times: [2.7622575759887695, 2.7550063133239746, 2.7860631942749023, 2.7713611125946045, 2.7608766555786133, 2.7671332359313965, 2.756653308868408, 2.757429599761963, 2.744563102722168, 2.755723237991333, 2.7572972774505615, 2.768054962158203, 2.7593889236450195, 2.7675392627716064, 2.762430191040039, 2.747903347015381, 2.746474027633667, 2.7554988861083984, 2.7613675594329834, 2.762089967727661]