training_time: 59.65703368186951
epoch_times: [3.0207035541534424, 2.92966365814209, 2.9810287952423096, 2.9758284091949463, 3.0152924060821533, 2.949725866317749, 3.0164029598236084, 2.9317851066589355, 2.9427695274353027, 2.955125093460083, 2.9475245475769043, 3.005709409713745, 2.917323350906372, 2.959831714630127, 2.9857282638549805, 3.005600929260254, 3.095194101333618, 3.136805295944214, 2.9428763389587402, 2.9421143531799316]