training_time: 1964.635567188263
epoch_times: [97.7844626903534, 97.6584620475769, 97.68906736373901, 100.07437348365784, 97.81147837638855, 101.23517179489136, 97.63438677787781, 97.58578991889954, 97.64556121826172, 97.88970351219177, 98.35174894332886, 98.43192195892334, 98.3960394859314, 98.13553500175476, 98.04571294784546, 98.01518297195435, 98.045725107193, 98.05802893638611, 98.00355386734009, 98.1436607837677]