training_time: 120.78084659576416
epoch_times: [6.135383367538452, 6.08542799949646, 6.050687313079834, 6.062789440155029, 5.943371772766113, 5.92954421043396, 6.044210195541382, 6.110046625137329, 6.062926530838013, 5.988650321960449, 6.0179665088653564, 6.025061845779419, 6.0362653732299805, 6.067168712615967, 6.077084064483643, 6.044950246810913, 6.038955926895142, 6.0130369663238525, 6.020442008972168, 6.026877164840698]