training_time: 510.9945366382599
epoch_times: [25.833555698394775, 25.91088628768921, 25.81876015663147, 25.50171661376953, 25.92956304550171, 25.512419939041138, 25.591350078582764, 25.5939781665802, 25.58339285850525, 25.703462600708008, 25.435362577438354, 25.74536657333374, 25.895869255065918, 25.838252067565918, 24.918071508407593, 23.780194520950317, 24.946849584579468, 25.49303102493286, 26.001073360443115, 25.96138072013855]