training_time: 11.517502069473267
epoch_times: [0.594193696975708, 0.5779445171356201, 0.5745582580566406, 0.578460693359375, 0.5792005062103271, 0.5731265544891357, 0.5776493549346924, 0.5758428573608398, 0.5735387802124023, 0.5781795978546143, 0.5768580436706543, 0.5756347179412842, 0.5758438110351562, 0.5713410377502441, 0.5706379413604736, 0.5704901218414307, 0.5739257335662842, 0.5775058269500732, 0.5710783004760742, 0.5714917182922363]