training_time: 217.72703289985657
epoch_times: [10.91991662979126, 10.90061068534851, 10.656903982162476, 10.998732566833496, 10.853977680206299, 10.727408647537231, 10.762073040008545, 10.93139910697937, 10.704928398132324, 11.002223014831543, 10.352794408798218, 10.84324026107788, 11.16357135772705, 11.29926323890686, 11.122247219085693, 10.669125318527222, 10.894028425216675, 10.998523473739624, 10.868253231048584, 11.057812213897705]