training_time: 17.835015535354614
epoch_times: [0.9090754985809326, 0.9060080051422119, 0.8860564231872559, 0.8848376274108887, 0.8875632286071777, 0.888420820236206, 0.8970019817352295, 0.8858604431152344, 0.8950920104980469, 0.8861405849456787, 0.896153450012207, 0.8979899883270264, 0.8872675895690918, 0.8888664245605469, 0.8871536254882812, 0.8881733417510986, 0.8877062797546387, 0.8927388191223145, 0.8890554904937744, 0.8938539028167725]