training_time: 102.61366963386536
epoch_times: [5.030147314071655, 5.282784461975098, 5.01185154914856, 4.944653034210205, 5.0589439868927, 5.0139360427856445, 5.034500360488892, 4.96580696105957, 5.157192230224609, 5.630424976348877, 5.600258827209473, 5.376844167709351, 5.354513883590698, 5.0751564502716064, 4.964928865432739, 4.958107948303223, 4.969940423965454, 5.075178146362305, 5.14965033531189, 4.958849668502808]