training_time: 200.53539943695068
epoch_times: [10.002931356430054, 10.07395625114441, 9.970676183700562, 10.00497317314148, 9.999785423278809, 9.96964144706726, 10.000721216201782, 9.972953081130981, 10.131639003753662, 10.212842226028442, 10.031105041503906, 10.000836372375488, 10.024855375289917, 10.010610342025757, 9.981153964996338, 10.023864269256592, 10.051943063735962, 10.002771854400635, 10.123836755752563, 9.944303035736084]