training_time: 22.742075443267822
epoch_times: [1.1624951362609863, 1.1473991870880127, 1.1417739391326904, 1.1421430110931396, 1.1350305080413818, 1.143967628479004, 1.1456232070922852, 1.1304891109466553, 1.1584255695343018, 1.1505467891693115, 1.143815279006958, 1.1103076934814453, 1.1228303909301758, 1.1437883377075195, 1.1464753150939941, 1.1373887062072754, 1.1296918392181396, 1.1067147254943848, 1.1155776977539062, 1.1275913715362549]