training_time: 87.68717956542969
epoch_times: [4.406760931015015, 4.383118152618408, 4.372359991073608, 4.37598991394043, 4.3926897048950195, 4.3915183544158936, 4.379249334335327, 4.377154588699341, 4.386870861053467, 4.393456697463989, 4.383389949798584, 4.372393608093262, 4.379427671432495, 4.3899054527282715, 4.39271879196167, 4.38421630859375, 4.372023344039917, 4.379940748214722, 4.388035535812378, 4.385959625244141]