training_time: 1978.733680009842
epoch_times: [108.18704986572266, 98.34133243560791, 100.47329807281494, 100.72081923484802, 95.72192358970642, 98.11468625068665, 98.16516876220703, 98.20651626586914, 98.14344763755798, 98.25584316253662, 98.20472025871277, 98.2493839263916, 100.42189502716064, 100.53437447547913, 95.71661615371704, 98.20700025558472, 98.2350082397461, 98.27261877059937, 98.23794722557068, 98.32403039932251]