training_time: 200.3826127052307
epoch_times: [10.057730197906494, 10.077553272247314, 10.018280982971191, 10.10796308517456, 10.031153917312622, 10.023327350616455, 9.984981536865234, 10.018827438354492, 10.182892560958862, 10.002740383148193, 10.01430344581604, 10.110351085662842, 9.949559688568115, 9.99891972541809, 9.996327638626099, 9.987714767456055, 9.929357051849365, 9.93251347541809, 10.042638778686523, 9.915476322174072]