training_time: 160.12618470191956
epoch_times: [8.284862518310547, 8.215133666992188, 7.68021035194397, 8.220022201538086, 7.93224835395813, 7.773475885391235, 7.891454219818115, 7.903111934661865, 8.119066953659058, 8.080605268478394, 7.750663995742798, 8.048394441604614, 8.089427471160889, 7.823069334030151, 8.210479736328125, 8.173104524612427, 7.722234010696411, 8.202165126800537, 8.20963716506958, 7.7968175411224365]