training_time: 1211.0555818080902
epoch_times: [59.06701898574829, 58.97446894645691, 58.92882943153381, 59.05077815055847, 59.22769546508789, 59.01597356796265, 59.14113712310791, 59.0965096950531, 59.18428373336792, 58.99872875213623, 58.968974590301514, 58.99465847015381, 59.039114236831665, 59.69515657424927, 58.92957258224487, 59.03473997116089, 60.03219556808472, 68.03906488418579, 67.73543429374695, 69.90124678611755]