training_time: 278.7065875530243
epoch_times: [14.172741651535034, 13.959607124328613, 13.985472202301025, 13.924783945083618, 13.93936562538147, 13.838106632232666, 14.088675498962402, 13.808377265930176, 13.88457465171814, 13.977268695831299, 13.875482559204102, 13.932398319244385, 13.429144620895386, 13.951639652252197, 13.869028329849243, 13.971908330917358, 14.005159854888916, 14.140416622161865, 14.040118217468262, 13.912317752838135]