training_time: 86.7564435005188
epoch_times: [4.3886799812316895, 4.360631942749023, 4.349604606628418, 4.338529825210571, 4.338951349258423, 4.341283798217773, 4.33026647567749, 4.319960355758667, 4.328769207000732, 4.339987516403198, 4.340897798538208, 4.323698043823242, 4.319760084152222, 4.331803321838379, 4.3402886390686035, 4.338708877563477, 4.328383445739746, 4.321457624435425, 4.332594156265259, 4.342186450958252]