training_time: 439.74435901641846
epoch_times: [22.112498998641968, 22.01525068283081, 22.074039220809937, 21.920496225357056, 22.688817739486694, 22.024751663208008, 22.065593957901, 22.041645526885986, 22.079079151153564, 21.751654148101807, 21.888499975204468, 22.52835965156555, 21.399826526641846, 20.612018823623657, 21.70566987991333, 22.044620513916016, 21.78536367416382, 22.037387371063232, 22.221997022628784, 22.746788263320923]