training_time: 2050.688814163208
epoch_times: [102.7275743484497, 102.47605490684509, 102.13807392120361, 104.08893728256226, 102.25259304046631, 102.23891520500183, 101.78815627098083, 101.94164824485779, 102.17195653915405, 101.8460624217987, 102.65961647033691, 102.92670154571533, 103.02384042739868, 102.82308101654053, 102.2584490776062, 103.12584161758423, 102.27762150764465, 102.06247591972351, 102.52743339538574, 103.33378100395203]