training_time: 2072.4961853027344
epoch_times: [101.63900780677795, 99.56423592567444, 100.73411417007446, 100.29188990592957, 98.66649556159973, 98.70565891265869, 98.73232221603394, 98.71537065505981, 98.77753138542175, 100.65895891189575, 101.33095860481262, 97.58596301078796, 98.63519668579102, 110.38765668869019, 112.60442900657654, 111.9631290435791, 113.060471534729, 107.57947111129761, 111.98749732971191, 110.87582683563232]