training_time: 442.22742319107056
epoch_times: [22.80097770690918, 21.178340911865234, 21.50853729248047, 23.426105499267578, 22.798898696899414, 21.323200464248657, 21.102125644683838, 20.716700077056885, 21.886030197143555, 21.637287616729736, 22.95646381378174, 22.971266984939575, 22.02484679222107, 21.374173641204834, 21.994544744491577, 21.826770067214966, 22.039886474609375, 22.885867834091187, 23.443861722946167, 22.331537008285522]