training_time: 19.823968172073364
epoch_times: [0.9991612434387207, 0.9846155643463135, 0.9912340641021729, 0.9880702495574951, 0.9962882995605469, 1.0069756507873535, 0.9852523803710938, 0.9825372695922852, 0.9883546829223633, 0.9874589443206787, 0.9929351806640625, 1.005378246307373, 0.9859178066253662, 1.002753734588623, 0.9951410293579102, 0.9866821765899658, 0.9858763217926025, 0.9876055717468262, 0.9896755218505859, 0.9820542335510254]