training_time: 2194.8578860759735
epoch_times: [109.74486947059631, 109.68291735649109, 109.71734499931335, 110.02357912063599, 109.61099028587341, 109.49030208587646, 109.56841158866882, 109.36851239204407, 109.36401724815369, 109.41499376296997, 109.5784752368927, 109.62697553634644, 109.92216205596924, 109.93481469154358, 110.07344388961792, 110.07129335403442, 109.97328734397888, 109.8672342300415, 109.74472045898438, 110.07954096794128]