training_time: 243.83464980125427
epoch_times: [12.380329132080078, 12.088050127029419, 12.327023267745972, 12.662992238998413, 12.435656309127808, 12.659815549850464, 12.459274530410767, 12.76624345779419, 12.101952075958252, 12.709373950958252, 12.594494581222534, 12.5971040725708, 12.523910522460938, 12.341980695724487, 11.967846632003784, 11.763591289520264, 11.920752048492432, 11.887795686721802, 10.93661904335022, 10.709844589233398]