training_time: 2147.1682119369507
epoch_times: [104.64447903633118, 106.34886384010315, 105.00966811180115, 106.16738295555115, 106.43416786193848, 105.90563130378723, 106.18654680252075, 108.24180936813354, 108.23921227455139, 108.21925401687622, 108.21561193466187, 108.17966747283936, 108.18047165870667, 108.24013090133667, 108.1999785900116, 108.34429168701172, 108.39643573760986, 108.17439818382263, 107.96652436256409, 107.87368583679199]