training_time: 284.9831123352051
epoch_times: [14.194822311401367, 14.209889650344849, 13.965433359146118, 14.459864616394043, 14.251042366027832, 14.242505073547363, 14.36231517791748, 14.156377792358398, 14.365960597991943, 14.403066396713257, 14.324331283569336, 14.222480058670044, 14.101508378982544, 14.283988952636719, 14.168112993240356, 14.155120611190796, 14.247782707214355, 14.327317237854004, 14.20726490020752, 14.333927869796753]