training_time: 428.4295608997345
epoch_times: [21.46790099143982, 20.931740045547485, 20.966312408447266, 21.840397357940674, 21.894649744033813, 22.059407711029053, 21.36097025871277, 21.312243700027466, 21.432541370391846, 21.207120895385742, 21.20261001586914, 21.624831199645996, 21.59418296813965, 19.792320251464844, 22.917876482009888, 21.20906949043274, 21.317983627319336, 21.414509296417236, 21.261141300201416, 21.62175178527832]