training_time: 276.6806421279907
epoch_times: [13.914253950119019, 13.930586814880371, 13.912343978881836, 13.805397748947144, 13.980916738510132, 13.812755823135376, 13.345772743225098, 13.968701362609863, 13.913309097290039, 13.832417726516724, 13.821364164352417, 13.638962984085083, 13.928337335586548, 13.553569078445435, 13.942727327346802, 13.856999635696411, 13.917553424835205, 13.937060117721558, 13.707003593444824, 13.96060848236084]