training_time: 30.112790822982788
epoch_times: [1.5162553787231445, 1.477454423904419, 1.4896347522735596, 1.4837584495544434, 1.495959758758545, 1.4806170463562012, 1.4913668632507324, 1.4803853034973145, 1.483006238937378, 1.4869425296783447, 1.4882888793945312, 1.4771435260772705, 1.491377353668213, 1.4801197052001953, 1.5586421489715576, 1.5501577854156494, 1.5153865814208984, 1.5622632503509521, 1.6126823425292969, 1.4913485050201416]