training_time: 1160.7268407344818
epoch_times: [58.55467629432678, 58.49859023094177, 58.47848582267761, 57.84099221229553, 57.58117890357971, 57.595314264297485, 57.88484334945679, 58.73145651817322, 58.63971924781799, 58.3121554851532, 57.96676158905029, 58.21353840827942, 58.016130685806274, 57.753209829330444, 58.00064826011658, 57.69841122627258, 57.45348930358887, 57.3647780418396, 58.099841594696045, 58.042619466781616]