training_time: 430.7580304145813
epoch_times: [22.31439733505249, 21.265936136245728, 21.43225884437561, 21.893451929092407, 21.52663016319275, 21.593641996383667, 21.63480520248413, 21.888397693634033, 20.737865447998047, 21.167948961257935, 21.036877393722534, 20.981005430221558, 21.743974447250366, 21.359114408493042, 21.919251203536987, 21.51020073890686, 22.430840969085693, 21.287275552749634, 21.713987350463867, 21.32016921043396]