training_time: 294.0348219871521
epoch_times: [14.696630954742432, 14.838751554489136, 14.709783792495728, 14.839415311813354, 14.728189468383789, 14.71565580368042, 14.731677055358887, 14.388361692428589, 14.5779390335083, 14.54391074180603, 14.716453313827515, 14.726498126983643, 14.69638967514038, 14.742598056793213, 14.776255369186401, 14.749832153320312, 14.769657850265503, 14.708430767059326, 14.645324945449829, 14.733066320419312]