training_time: 446.69155836105347
epoch_times: [23.61319899559021, 21.879687070846558, 22.028462409973145, 22.24965739250183, 23.543562412261963, 23.148051261901855, 21.523179054260254, 20.711583852767944, 21.57549786567688, 21.926881074905396, 21.342005729675293, 23.863136768341064, 23.34027075767517, 21.83082890510559, 21.04814076423645, 21.6635262966156, 22.05908203125, 21.82208776473999, 24.15318250656128, 23.369535446166992]