training_time: 115.77417540550232
epoch_times: [5.893775939941406, 5.837160348892212, 5.861953020095825, 5.8840765953063965, 5.639781951904297, 5.6353514194488525, 5.758426904678345, 5.8464415073394775, 5.857704401016235, 5.791514158248901, 5.670564889907837, 5.834667205810547, 5.936327695846558, 5.87376594543457, 5.8218958377838135, 5.6042320728302, 5.631890535354614, 5.633974313735962, 5.89585542678833, 5.8648152351379395]