training_time: 519.0883564949036
epoch_times: [26.797701120376587, 26.79428267478943, 26.11051034927368, 26.00345015525818, 25.94869828224182, 26.4178729057312, 26.424736499786377, 26.10113835334778, 26.05722999572754, 25.856996536254883, 26.02013325691223, 25.95102620124817, 26.2699294090271, 26.488983392715454, 24.572288036346436, 23.78775453567505, 25.251742839813232, 26.14112424850464, 26.193216800689697, 25.899540901184082]