training_time: 202.19133830070496
epoch_times: [10.127572774887085, 10.327860593795776, 10.232622385025024, 10.06519865989685, 10.14087986946106, 10.06777548789978, 10.094474792480469, 10.092537879943848, 10.21806025505066, 10.209299325942993, 10.356743812561035, 10.16783332824707, 10.18518352508545, 10.128431797027588, 10.16888427734375, 10.14983868598938, 9.766124963760376, 9.832666158676147, 10.08583116531372, 9.773518562316895]