training_time: 29.480998516082764
epoch_times: [1.4920024871826172, 1.468263864517212, 1.448505163192749, 1.454023838043213, 1.4661452770233154, 1.487229824066162, 1.4547109603881836, 1.5522828102111816, 1.4725639820098877, 1.4584195613861084, 1.4586126804351807, 1.4457323551177979, 1.4480538368225098, 1.4611046314239502, 1.4689338207244873, 1.5212359428405762, 1.4496545791625977, 1.4500164985656738, 1.5385799407958984, 1.484926462173462]