training_time: 21.656369924545288
epoch_times: [1.1312534809112549, 1.132573127746582, 0.9830279350280762, 1.1172640323638916, 1.122753381729126, 1.0913140773773193, 1.030808687210083, 1.101879358291626, 1.0056097507476807, 1.081543207168579, 1.1004054546356201, 1.0680441856384277, 1.1170220375061035, 1.0221872329711914, 1.1305434703826904, 1.139655590057373, 1.1338367462158203, 1.1303083896636963, 1.0027682781219482, 1.0135715007781982]