training_time: 2870.842217206955
epoch_times: [143.58511233329773, 144.00714302062988, 143.32093572616577, 143.23378539085388, 143.25070714950562, 143.0311577320099, 143.71566581726074, 144.03523325920105, 143.8644199371338, 143.5360095500946, 144.29174709320068, 143.3349392414093, 142.99552869796753, 142.94209003448486, 143.25787138938904, 143.87737345695496, 143.57390427589417, 143.89412999153137, 143.61822772026062, 143.47623538970947]