training_time: 152.7693943977356
epoch_times: [7.819269418716431, 7.740163564682007, 7.221434593200684, 7.723694086074829, 7.799495458602905, 7.2477781772613525, 7.599144697189331, 7.3332741260528564, 7.486345052719116, 7.398152828216553, 7.4136457443237305, 7.626988649368286, 7.832881927490234, 7.610016584396362, 7.985553741455078, 7.871037483215332, 7.560046434402466, 7.922229528427124, 7.969832181930542, 7.608410120010376]