training_time: 522.6475937366486
epoch_times: [25.71314573287964, 25.651949882507324, 25.624469757080078, 25.573155641555786, 26.186675548553467, 25.119600534439087, 25.800127506256104, 25.807738304138184, 25.8197603225708, 27.085824728012085, 25.46212410926819, 26.985403060913086, 26.99334406852722, 26.36163854598999, 26.355409622192383, 26.499310731887817, 26.087152004241943, 25.53899121284485, 25.050176858901978, 28.93159556388855]