training_time: 393.05416226387024
epoch_times: [19.66240692138672, 19.525115489959717, 19.60618019104004, 19.695997714996338, 19.70935583114624, 19.624749183654785, 19.57985210418701, 19.734616994857788, 19.619997024536133, 19.796104192733765, 19.638442516326904, 19.66512417793274, 19.65657138824463, 19.47652578353882, 19.665685176849365, 19.635908365249634, 19.60012650489807, 19.5960111618042, 19.622166872024536, 19.943224668502808]