training_time: 224.29671621322632
epoch_times: [11.341266632080078, 11.416326761245728, 11.05075740814209, 11.203399419784546, 11.460544347763062, 11.124834537506104, 11.220389127731323, 11.161411046981812, 11.173931121826172, 11.18636703491211, 11.077906847000122, 11.454520463943481, 11.132511615753174, 11.146212816238403, 11.23677396774292, 11.123733520507812, 11.07600212097168, 11.103763818740845, 11.452986240386963, 11.153077363967896]