training_time: 111.64902210235596
epoch_times: [5.797330141067505, 5.622086763381958, 5.473116159439087, 5.490289211273193, 5.484591722488403, 5.432884693145752, 5.5074193477630615, 5.574085474014282, 5.767894744873047, 5.542536497116089, 5.552412748336792, 5.853461265563965, 5.504876613616943, 5.959520101547241, 5.537384510040283, 5.5284905433654785, 5.513354539871216, 5.499260902404785, 5.499140501022339, 5.508885622024536]