training_time: 432.73239517211914
epoch_times: [23.070581674575806, 21.834541082382202, 22.140132427215576, 22.051377773284912, 22.074378967285156, 21.996596097946167, 21.827805995941162, 21.607288122177124, 21.329806804656982, 21.67713499069214, 22.2045156955719, 20.888787508010864, 20.467249155044556, 19.746504545211792, 21.570301294326782, 21.922733545303345, 21.411744594573975, 21.40756607055664, 21.467267274856567, 22.036081552505493]