training_time: 21.83397626876831
epoch_times: [1.1336679458618164, 1.009613275527954, 1.045578956604004, 1.1307499408721924, 1.1384272575378418, 1.1340665817260742, 1.1340444087982178, 0.9945452213287354, 1.0196032524108887, 1.1394126415252686, 1.1384155750274658, 1.1302568912506104, 1.1360185146331787, 1.0060434341430664, 1.0086688995361328, 1.1268441677093506, 1.1312758922576904, 1.12626314163208, 1.1271743774414062, 1.023305892944336]