training_time: 2190.9722814559937
epoch_times: [109.86074018478394, 109.73559021949768, 109.81810593605042, 109.67356061935425, 109.7105040550232, 109.65314269065857, 109.77252197265625, 109.65516924858093, 109.73587846755981, 109.33464121818542, 109.73084330558777, 109.84100151062012, 109.05605006217957, 109.51891875267029, 109.13855004310608, 109.32482743263245, 109.99685955047607, 109.23986983299255, 109.24373841285706, 108.93176794052124]