training_time: 431.42547154426575
epoch_times: [21.609798908233643, 21.7545804977417, 21.84285616874695, 22.37970733642578, 21.8811616897583, 21.609623193740845, 21.5265851020813, 21.617177486419678, 21.659541606903076, 21.889851570129395, 21.94998526573181, 21.80195713043213, 20.482910633087158, 19.624714374542236, 20.96223521232605, 21.528074741363525, 22.055826425552368, 22.405607223510742, 21.611985445022583, 21.23129153251648]