training_time: 14.789815425872803
epoch_times: [0.7344915866851807, 0.7323007583618164, 0.7422876358032227, 0.716392993927002, 0.7424604892730713, 0.7454276084899902, 0.7346217632293701, 0.7476558685302734, 0.7466726303100586, 0.7299296855926514, 0.7355825901031494, 0.7283616065979004, 0.7363052368164062, 0.7430951595306396, 0.7487115859985352, 0.7320215702056885, 0.7522625923156738, 0.7506380081176758, 0.7462899684906006, 0.7443060874938965]