training_time: 101.02751874923706
epoch_times: [5.273238658905029, 5.181204557418823, 5.113621711730957, 5.224342346191406, 5.1351318359375, 5.106779336929321, 5.0421998500823975, 5.12006950378418, 4.941995859146118, 4.996480464935303, 4.996210813522339, 4.950315237045288, 5.1297876834869385, 5.039530515670776, 4.954805374145508, 4.964914798736572, 4.877366781234741, 4.94794225692749, 5.052096605300903, 4.979484558105469]