training_time: 1180.898853778839
epoch_times: [59.2828848361969, 59.05595374107361, 58.43951725959778, 58.533379793167114, 58.40005660057068, 59.038583278656006, 58.8920259475708, 58.914878845214844, 59.643195390701294, 59.60302758216858, 59.056010246276855, 59.19088363647461, 59.042765378952026, 59.39526915550232, 58.95265245437622, 59.57963681221008, 59.115947008132935, 59.06837868690491, 58.8365957736969, 58.85721135139465]