training_time: 17.787501096725464
epoch_times: [0.895056962966919, 0.897864580154419, 0.8967788219451904, 0.8842658996582031, 0.8891656398773193, 0.8868882656097412, 0.8949482440948486, 0.887507438659668, 0.8828344345092773, 0.8976383209228516, 0.8889999389648438, 0.8836045265197754, 0.8829915523529053, 0.8888874053955078, 0.8877785205841064, 0.8934059143066406, 0.8906230926513672, 0.8883531093597412, 0.8838872909545898, 0.8860211372375488]