training_time: 90.21864151954651
epoch_times: [4.509530782699585, 4.5006773471832275, 4.581179618835449, 4.493912220001221, 4.486044883728027, 4.4772303104400635, 4.438392877578735, 4.718589782714844, 4.487564325332642, 4.4899373054504395, 4.487509250640869, 4.464383363723755, 4.498098134994507, 4.486437082290649, 4.424015760421753, 4.49329948425293, 4.501298666000366, 4.457164525985718, 4.699814319610596, 4.523561477661133]