training_time: 151.99195432662964
epoch_times: [7.380693435668945, 7.777372121810913, 7.313245534896851, 7.279303312301636, 7.356330871582031, 7.324913740158081, 7.78106164932251, 7.801516771316528, 7.336679935455322, 8.087044477462769, 7.82755970954895, 7.331574201583862, 7.808540344238281, 7.81071138381958, 7.287606477737427, 7.892784833908081, 7.6646106243133545, 7.279468059539795, 7.781482219696045, 7.869454622268677]