training_time: 224.6590940952301
epoch_times: [11.124610185623169, 11.177665710449219, 11.526301860809326, 11.054804801940918, 11.187568187713623, 11.39055609703064, 11.046935319900513, 11.228285551071167, 11.306203126907349, 11.0788094997406, 11.239448308944702, 11.213390111923218, 11.40320372581482, 11.162665128707886, 11.210712194442749, 11.47946286201477, 11.243878602981567, 11.05916690826416, 11.31043291091919, 11.214993000030518]