training_time: 446.8192734718323
epoch_times: [23.064215421676636, 21.866058826446533, 21.903258085250854, 21.860951900482178, 23.296004056930542, 22.699467420578003, 21.609840869903564, 20.63027787208557, 22.205711126327515, 21.69554567337036, 21.731562852859497, 23.582656621932983, 23.078319311141968, 21.934608936309814, 21.844977378845215, 21.486077308654785, 21.812024354934692, 22.923752069473267, 24.206464529037476, 23.38749885559082]