training_time: 17.58687448501587
epoch_times: [0.8965551853179932, 0.8778727054595947, 0.8753280639648438, 0.8733091354370117, 0.879650354385376, 0.8828408718109131, 0.8795809745788574, 0.8856408596038818, 0.877194881439209, 0.8831770420074463, 0.8821911811828613, 0.881920576095581, 0.8766131401062012, 0.8737382888793945, 0.8753452301025391, 0.8770716190338135, 0.874384880065918, 0.8794136047363281, 0.8759002685546875, 0.879145622253418]