training_time: 151.87238669395447
epoch_times: [7.249171018600464, 7.311685085296631, 7.181771993637085, 7.723880052566528, 7.7279369831085205, 7.230249404907227, 7.739277124404907, 7.746408462524414, 7.2721474170684814, 7.694506645202637, 7.760685205459595, 7.719812870025635, 7.9828572273254395, 8.077461957931519, 7.854438543319702, 7.934958457946777, 7.815590143203735, 7.150962591171265, 7.57349967956543, 7.125085830688477]