training_time: 506.12714529037476
epoch_times: [26.56941843032837, 26.692190408706665, 26.190074682235718, 25.98986005783081, 26.122331380844116, 25.805166959762573, 25.65030598640442, 25.606759786605835, 25.55402708053589, 25.689223289489746, 25.875057458877563, 25.957630157470703, 25.676169633865356, 25.723461627960205, 24.56235146522522, 23.471479415893555, 23.622056484222412, 23.718419551849365, 23.799711227416992, 23.851450204849243]