training_time: 3242.002843618393
epoch_times: [152.27360129356384, 151.4283311367035, 160.94945669174194, 163.45310997962952, 162.90842986106873, 162.51451873779297, 164.63084745407104, 165.42387628555298, 166.15689396858215, 167.27309560775757, 163.2084481716156, 160.67029905319214, 162.84555435180664, 162.3226137161255, 161.21852159500122, 161.0049488544464, 161.60600662231445, 164.93030214309692, 164.17665338516235, 163.00733470916748]