training_time: 187.57596850395203
epoch_times: [9.204043865203857, 9.219480037689209, 9.196727752685547, 9.223345041275024, 9.207990884780884, 9.24241828918457, 9.50357460975647, 9.570005416870117, 9.603246688842773, 9.591590166091919, 9.512032747268677, 9.43642544746399, 9.462622165679932, 9.413867950439453, 9.474250793457031, 9.362365245819092, 9.400024652481079, 9.308966636657715, 9.322854995727539, 9.320135116577148]