training_time: 19.85497522354126
epoch_times: [1.0072450637817383, 0.9902758598327637, 0.9870662689208984, 0.9865481853485107, 0.9944925308227539, 0.9906220436096191, 0.9929840564727783, 0.9886891841888428, 0.9991803169250488, 0.9837713241577148, 0.9863224029541016, 0.9931325912475586, 0.9833683967590332, 0.9894402027130127, 1.0212516784667969, 0.9865448474884033, 0.9926059246063232, 0.9971272945404053, 0.9963622093200684, 0.9879448413848877]