training_time: 435.17462038993835
epoch_times: [21.870325565338135, 21.247209787368774, 21.86872625350952, 22.061415910720825, 21.907694339752197, 21.734636545181274, 21.68730354309082, 22.03093981742859, 21.842695951461792, 21.62453579902649, 21.913464307785034, 21.975844860076904, 20.157077074050903, 21.79444169998169, 21.656482696533203, 21.67723035812378, 21.69593334197998, 21.971914052963257, 22.093918323516846, 22.36283016204834]