training_time: 22.734524965286255
epoch_times: [1.1237483024597168, 1.1191091537475586, 1.121018886566162, 1.13728666305542, 1.135864019393921, 1.1356027126312256, 1.1321229934692383, 1.1170697212219238, 1.118800163269043, 1.1117992401123047, 1.1287872791290283, 1.1668765544891357, 1.1792793273925781, 1.2257328033447266, 1.1188809871673584, 1.1212849617004395, 1.1273717880249023, 1.1406738758087158, 1.1344993114471436, 1.138716220855713]