training_time: 17.700660943984985
epoch_times: [0.8990755081176758, 0.889031171798706, 0.8968451023101807, 0.8898341655731201, 0.882171630859375, 0.8863821029663086, 0.8780298233032227, 0.8856241703033447, 0.8792345523834229, 0.8828749656677246, 0.8869016170501709, 0.8972623348236084, 0.8884367942810059, 0.8791685104370117, 0.8835132122039795, 0.8759379386901855, 0.8803985118865967, 0.8784117698669434, 0.8761153221130371, 0.8854117393493652]