training_time: 29.864776849746704
epoch_times: [1.5051789283752441, 1.4611377716064453, 1.527198314666748, 1.5529661178588867, 1.6450779438018799, 1.4676239490509033, 1.556542158126831, 1.5165481567382812, 1.4523229598999023, 1.4782195091247559, 1.4785311222076416, 1.4685680866241455, 1.4726648330688477, 1.4587419033050537, 1.475743055343628, 1.474095106124878, 1.4683339595794678, 1.4705798625946045, 1.4617371559143066, 1.472965955734253]