training_time: 226.30039882659912
epoch_times: [11.311689138412476, 11.309807062149048, 11.420229196548462, 11.30416488647461, 11.283022403717041, 11.35435152053833, 11.312349557876587, 11.306942224502563, 11.331103801727295, 11.236377477645874, 11.254016160964966, 11.338624000549316, 11.623744249343872, 11.103865385055542, 11.30059814453125, 11.522636890411377, 11.185969352722168, 11.29559588432312, 11.288794755935669, 11.216516733169556]