training_time: 99.2343020439148
epoch_times: [4.9782555103302, 4.9515862464904785, 4.985656499862671, 4.9765119552612305, 4.955152273178101, 4.986465930938721, 4.967662334442139, 4.971848964691162, 4.974141836166382, 4.962391376495361, 4.950498580932617, 4.94434380531311, 4.981964349746704, 4.957316637039185, 4.962305545806885, 4.944220066070557, 4.930192708969116, 4.936637878417969, 4.970234394073486, 4.946915149688721]