training_time: 112.74475693702698
epoch_times: [5.66660475730896, 5.64621901512146, 5.582200765609741, 5.571277141571045, 5.582353353500366, 5.6371095180511475, 5.6744678020477295, 5.683286190032959, 5.636220932006836, 5.656911611557007, 5.632644414901733, 5.681472063064575, 5.647436857223511, 5.615075349807739, 5.579453945159912, 5.572785139083862, 5.678708791732788, 5.656965017318726, 5.662732839584351, 5.680831432342529]