training_time: 152.4110095500946
epoch_times: [7.361631870269775, 7.303295850753784, 7.335355997085571, 7.277438163757324, 7.71914267539978, 7.979164123535156, 7.736143589019775, 8.028365850448608, 8.031285285949707, 7.677960395812988, 7.895570755004883, 7.9901814460754395, 7.226738452911377, 7.583779335021973, 7.5978193283081055, 7.306583881378174, 7.392638683319092, 7.851174354553223, 7.617666721343994, 7.499072790145874]