training_time: 56.458964586257935
epoch_times: [2.821207284927368, 2.8156509399414062, 2.8182427883148193, 2.8331565856933594, 2.8360302448272705, 2.8274128437042236, 2.825350522994995, 2.8339459896087646, 2.805623769760132, 2.808871030807495, 2.8197743892669678, 2.826873540878296, 2.8252298831939697, 2.826115846633911, 2.8298630714416504, 2.8140480518341064, 2.8109281063079834, 2.8199450969696045, 2.831036329269409, 2.829658269882202]