training_time: 507.01011419296265
epoch_times: [27.22444748878479, 26.349759340286255, 26.21076464653015, 26.14258337020874, 25.969717741012573, 25.384130001068115, 25.47190237045288, 25.576215982437134, 25.789098501205444, 25.44698667526245, 25.403104543685913, 25.59717321395874, 25.379638671875, 25.512308597564697, 25.626360654830933, 24.531553745269775, 23.498460054397583, 23.920442581176758, 23.944355726242065, 24.031110286712646]