training_time: 198.52788925170898
epoch_times: [9.840862512588501, 9.905169248580933, 9.875997066497803, 9.833162784576416, 9.838302612304688, 9.91339921951294, 10.144487619400024, 10.057924747467041, 9.957245826721191, 9.845956563949585, 9.829707622528076, 9.892987489700317, 10.030077695846558, 10.063206195831299, 9.991216897964478, 9.895176887512207, 10.05222773551941, 9.940469741821289, 9.811395406723022, 9.808915376663208]