training_time: 22.299540519714355
epoch_times: [1.1985070705413818, 1.1073296070098877, 1.0965113639831543, 1.1181395053863525, 1.1131129264831543, 1.1064941883087158, 1.1170315742492676, 1.104827642440796, 1.102128028869629, 1.1145663261413574, 1.1214640140533447, 1.1243486404418945, 1.1135246753692627, 1.1218364238739014, 1.1012859344482422, 1.0951197147369385, 1.117246150970459, 1.1101486682891846, 1.113060474395752, 1.1028575897216797]