training_time: 448.46519136428833
epoch_times: [23.508840560913086, 22.831334352493286, 22.30060625076294, 22.05618906021118, 22.505702257156372, 23.75583791732788, 22.05005645751953, 20.771909713745117, 21.230464220046997, 21.60620927810669, 21.458521842956543, 22.601118564605713, 23.023210048675537, 22.7808997631073, 21.82510280609131, 21.72859215736389, 22.35930895805359, 23.141668796539307, 23.846894025802612, 23.08272433280945]