training_time: 1986.7763080596924
epoch_times: [98.5040283203125, 98.46612119674683, 98.56469798088074, 98.62108635902405, 98.44368386268616, 98.48798131942749, 98.5563223361969, 98.57403445243835, 98.62494373321533, 98.64649796485901, 101.08665609359741, 99.86723375320435, 102.60869359970093, 100.00765466690063, 98.52253603935242, 98.48956274986267, 98.71594476699829, 101.66405439376831, 101.86137175559998, 98.46320271492004]