training_time: 152.72732424736023
epoch_times: [7.8396711349487305, 7.724153518676758, 7.440950393676758, 7.504552841186523, 7.517409801483154, 7.454362630844116, 7.500646114349365, 7.860773801803589, 7.806399345397949, 7.4434449672698975, 7.8073954582214355, 7.859195232391357, 7.4353227615356445, 7.661809921264648, 7.874456882476807, 7.4724671840667725, 7.59765100479126, 7.873131513595581, 7.536756992340088, 7.516772747039795]