training_time: 1955.5181922912598
epoch_times: [97.7568576335907, 97.67263150215149, 97.80391454696655, 97.80644798278809, 97.73926663398743, 97.75679159164429, 97.75003576278687, 97.70959901809692, 97.7131712436676, 97.68324661254883, 97.87788963317871, 97.83884882926941, 97.78170275688171, 97.8900842666626, 97.7718768119812, 97.90173053741455, 97.91781783103943, 97.70492362976074, 97.74772906303406, 97.6936264038086]