training_time: 11.609222650527954
epoch_times: [0.5951714515686035, 0.5764100551605225, 0.5740532875061035, 0.5732195377349854, 0.5731656551361084, 0.5737624168395996, 0.600337028503418, 0.5764696598052979, 0.5836098194122314, 0.5763442516326904, 0.5740046501159668, 0.5740458965301514, 0.5787887573242188, 0.5928487777709961, 0.5884249210357666, 0.578256368637085, 0.5748252868652344, 0.5783646106719971, 0.582042932510376, 0.5850772857666016]