training_time: 433.9313793182373
epoch_times: [21.444334030151367, 21.775367259979248, 22.099537134170532, 21.945976734161377, 21.73083519935608, 21.78558111190796, 21.357942819595337, 21.896071195602417, 22.13429355621338, 22.89289903640747, 22.06905245780945, 21.642000436782837, 20.39941692352295, 19.781548023223877, 21.499114274978638, 21.630465030670166, 22.093162775039673, 21.539458990097046, 22.203211784362793, 22.011110544204712]