training_time: 187.29300475120544
epoch_times: [9.446741819381714, 9.406384706497192, 9.205595016479492, 9.276813268661499, 9.228856325149536, 9.835257053375244, 9.60672640800476, 9.472242832183838, 9.363905191421509, 9.261097192764282, 9.771940231323242, 9.36611819267273, 9.375964403152466, 9.105680227279663, 9.264348983764648, 9.352423191070557, 9.323311567306519, 9.10873532295227, 9.257282972335815, 9.263579845428467]