training_time: 1100.9973242282867
epoch_times: [55.50609254837036, 54.4749755859375, 54.24721026420593, 55.33017086982727, 55.79299831390381, 55.31275510787964, 55.33817005157471, 55.34649181365967, 55.424333572387695, 55.39704465866089, 55.2881920337677, 54.24922704696655, 54.25743389129639, 54.29916191101074, 54.19583535194397, 54.217992067337036, 56.168015480041504, 55.531601428985596, 55.27816081047058, 55.341461420059204]