training_time: 1983.3688020706177
epoch_times: [99.09264302253723, 99.03438019752502, 98.9941132068634, 99.33775091171265, 99.08514332771301, 98.97461128234863, 98.94067358970642, 99.17035150527954, 99.18636679649353, 99.20512080192566, 99.37812542915344, 99.24317526817322, 99.51006817817688, 98.92491054534912, 99.58611273765564, 99.22060322761536, 99.16500854492188, 99.08935022354126, 99.15548324584961, 99.07481002807617]