training_time: 1205.094529390335
epoch_times: [61.559407472610474, 61.09265375137329, 63.58898615837097, 61.26906967163086, 59.91311550140381, 60.490148067474365, 59.359020948410034, 60.04010343551636, 59.377291202545166, 59.30449414253235, 59.11898326873779, 59.349485874176025, 60.0698516368866, 59.61143183708191, 59.60693168640137, 60.61191916465759, 60.02692174911499, 60.05025863647461, 60.14857769012451, 60.50587749481201]