training_time: 112.5433497428894
epoch_times: [5.709436893463135, 5.59444522857666, 5.595550298690796, 5.706388473510742, 5.612234592437744, 5.6132893562316895, 5.601744890213013, 5.6787426471710205, 5.5871193408966064, 5.5767974853515625, 5.670440912246704, 5.591429948806763, 5.569101572036743, 5.628154277801514, 5.728205442428589, 5.595806121826172, 5.594258785247803, 5.619947671890259, 5.686870813369751, 5.583384990692139]