training_time: 184.50619316101074
epoch_times: [9.518885135650635, 9.380451440811157, 9.14964771270752, 9.295804738998413, 9.068723440170288, 9.234496593475342, 9.301082372665405, 9.312034606933594, 9.275864839553833, 9.109942436218262, 9.89357590675354, 9.338542699813843, 9.05146336555481, 9.086064577102661, 9.082261323928833, 9.057173490524292, 9.033300638198853, 9.103638410568237, 9.158203840255737, 9.055035591125488]