training_time: 98.45133996009827
epoch_times: [4.932567358016968, 4.907557010650635, 4.9448699951171875, 4.931046485900879, 4.935594320297241, 4.947793245315552, 4.920207738876343, 4.915619134902954, 4.909765958786011, 4.9140801429748535, 4.909555912017822, 4.911156177520752, 4.911021709442139, 4.911708831787109, 4.916751384735107, 4.9156811237335205, 4.9222846031188965, 4.9233644008636475, 4.946549892425537, 4.924164533615112]