training_time: 2212.3488535881042
epoch_times: [110.88186001777649, 110.66005659103394, 110.53801465034485, 110.48714423179626, 110.58694434165955, 110.51851034164429, 110.72817158699036, 110.73463082313538, 110.82761096954346, 110.76201009750366, 110.72028517723083, 110.46021509170532, 110.40769696235657, 110.50737929344177, 110.6201753616333, 110.6810131072998, 110.67214465141296, 110.51339411735535, 110.55618047714233, 110.48541569709778]