training_time: 11.715423583984375
epoch_times: [0.6091823577880859, 0.5826003551483154, 0.5794041156768799, 0.5795834064483643, 0.5801010131835938, 0.5897505283355713, 0.5984561443328857, 0.5853672027587891, 0.5905904769897461, 0.5903058052062988, 0.5818328857421875, 0.5833749771118164, 0.5846724510192871, 0.5807459354400635, 0.5786583423614502, 0.5786118507385254, 0.5815868377685547, 0.5932188034057617, 0.5825512409210205, 0.5848288536071777]