training_time: 429.755615234375
epoch_times: [23.232949256896973, 21.716941118240356, 21.20630192756653, 21.333986282348633, 21.138248443603516, 21.58405876159668, 23.10109257698059, 20.13189196586609, 20.02785634994507, 21.044589281082153, 20.85637927055359, 20.730048894882202, 23.1153883934021, 21.973754405975342, 20.549459218978882, 20.89477825164795, 21.126312494277954, 20.834418773651123, 23.02500057220459, 22.132158994674683]