training_time: 510.23764657974243
epoch_times: [27.071770906448364, 26.56135630607605, 26.205885887145996, 26.10223627090454, 25.801182508468628, 24.218100547790527, 25.587767601013184, 25.534438371658325, 25.239068269729614, 25.40832781791687, 24.999094247817993, 24.96532917022705, 25.072237253189087, 25.222044706344604, 25.365893840789795, 26.073918342590332, 25.840869188308716, 25.31889009475708, 24.465696811676025, 25.18353843688965]