training_time: 59.42373752593994
epoch_times: [2.975740909576416, 2.938115358352661, 2.9642815589904785, 2.934509038925171, 3.1020424365997314, 2.9495677947998047, 2.9416401386260986, 2.914417028427124, 2.9633233547210693, 2.9732961654663086, 3.20361590385437, 2.9502525329589844, 2.925328254699707, 2.9151601791381836, 2.9116015434265137, 2.910940170288086, 3.200779914855957, 2.918452262878418, 2.924053907394409, 2.906619071960449]