training_time: 201.68466567993164
epoch_times: [9.52308177947998, 10.074953556060791, 11.027681827545166, 9.850877523422241, 9.786153078079224, 10.294914960861206, 10.110458374023438, 9.297603607177734, 9.824889659881592, 11.27604603767395, 9.718811511993408, 9.856471300125122, 10.8714120388031, 9.607401847839355, 9.470353364944458, 9.86249041557312, 10.519710540771484, 9.532780408859253, 10.088392734527588, 11.090181112289429]