training_time: 1812.5223624706268
epoch_times: [89.02111792564392, 89.0029685497284, 90.69363832473755, 88.6909806728363, 88.77650380134583, 88.54626369476318, 88.51617693901062, 90.6295051574707, 92.09627914428711, 92.0677843093872, 91.95890927314758, 91.72020626068115, 92.12753176689148, 92.06577587127686, 91.9199059009552, 92.12812829017639, 92.00834846496582, 91.99955224990845, 90.78663444519043, 87.76615142822266]