training_time: 285.35219049453735
epoch_times: [14.27181601524353, 14.286668300628662, 14.297288656234741, 14.146149158477783, 14.402023315429688, 14.179013729095459, 14.354570150375366, 14.080612659454346, 14.34345817565918, 14.321722507476807, 14.18662691116333, 14.323038816452026, 14.288135528564453, 14.263649940490723, 14.34739375114441, 14.33288836479187, 13.947239637374878, 14.362550020217896, 14.319467067718506, 14.297877788543701]