training_time: 388.46013855934143
epoch_times: [19.446353673934937, 19.57703185081482, 19.456138610839844, 19.480880975723267, 19.373373985290527, 19.487096786499023, 19.38317632675171, 19.396223068237305, 19.453275203704834, 19.248862504959106, 19.262726545333862, 19.36622381210327, 19.39682412147522, 19.4929301738739, 19.37420344352722, 19.380367755889893, 19.38033699989319, 19.53657603263855, 19.553872108459473, 19.41366457939148]