training_time: 438.5843925476074
epoch_times: [22.496889114379883, 22.13384222984314, 21.888923168182373, 22.31760263442993, 22.21927046775818, 22.30583381652832, 22.029430627822876, 21.933159351348877, 21.98845100402832, 22.312669277191162, 22.092045783996582, 21.824190616607666, 21.216678619384766, 19.906005382537842, 21.438448190689087, 21.653628826141357, 21.919979095458984, 21.833168983459473, 22.065319061279297, 23.008856296539307]