training_time: 2211.591954231262
epoch_times: [110.52884197235107, 110.22930264472961, 110.73766207695007, 110.31873083114624, 110.43665218353271, 110.59259510040283, 110.97571969032288, 110.5649094581604, 110.74380016326904, 110.39464783668518, 110.3767192363739, 110.32505345344543, 110.78733849525452, 110.6561450958252, 110.46704697608948, 111.14731764793396, 110.48012232780457, 110.43820667266846, 111.0650110244751, 110.32613134384155]