training_time: 183.1339840888977
epoch_times: [9.22653317451477, 9.209917306900024, 9.205257892608643, 9.224590539932251, 9.196137189865112, 9.158013582229614, 9.022830247879028, 9.154252529144287, 9.153640031814575, 9.173108577728271, 9.19861364364624, 9.171226024627686, 9.160779237747192, 9.04892349243164, 9.034513473510742, 9.084073543548584, 9.175991773605347, 9.181061029434204, 9.178122758865356, 9.176398038864136]