training_time: 506.57536578178406
epoch_times: [24.519593954086304, 23.921727657318115, 23.94391703605652, 24.030956506729126, 24.06129550933838, 25.88902997970581, 25.652331352233887, 25.427098274230957, 25.742286920547485, 26.57628345489502, 26.396711111068726, 25.29499888420105, 25.216362237930298, 25.559309482574463, 25.442776203155518, 26.613036155700684, 26.308701276779175, 25.561493396759033, 25.147476196289062, 25.26998019218445]