training_time: 518.341525554657
epoch_times: [26.239757299423218, 25.87124752998352, 26.497026920318604, 25.781688451766968, 25.371581554412842, 26.663481950759888, 25.83451223373413, 25.560192108154297, 26.30354619026184, 25.699790000915527, 25.64013171195984, 26.406857013702393, 25.40713095664978, 25.763005256652832, 26.377879858016968, 25.76683235168457, 25.750208377838135, 26.52088475227356, 25.526387929916382, 25.35938310623169]