training_time: 30.657331705093384
epoch_times: [1.6416816711425781, 1.4888813495635986, 1.5373718738555908, 1.5265142917633057, 1.7103497982025146, 1.6106619834899902, 1.4887728691101074, 1.5186045169830322, 1.5043551921844482, 1.5561416149139404, 1.4569730758666992, 1.4532833099365234, 1.454486608505249, 1.4580485820770264, 1.5211405754089355, 1.5454282760620117, 1.5926899909973145, 1.4469010829925537, 1.6146774291992188, 1.5303676128387451]