training_time: 3107.4332695007324
epoch_times: [150.79917550086975, 153.35078763961792, 160.8637089729309, 162.51833724975586, 159.6407859325409, 161.86896514892578, 160.8022494316101, 151.32130241394043, 152.15379643440247, 152.0672962665558, 149.97855257987976, 151.21226024627686, 153.63526678085327, 159.90621614456177, 160.80547404289246, 158.46259832382202, 151.74419403076172, 151.3359718322754, 153.45737552642822, 151.50895500183105]