training_time: 513.9610345363617
epoch_times: [26.81794261932373, 25.562973737716675, 25.600095987319946, 26.8788640499115, 27.27714967727661, 24.532718181610107, 23.99085521697998, 24.896086931228638, 25.02737832069397, 27.09900403022766, 26.700552701950073, 24.780017137527466, 25.086764335632324, 25.31384253501892, 24.84723663330078, 27.634770154953003, 25.9488365650177, 25.066769123077393, 25.384299993515015, 25.5148766040802]