training_time: 3030.6904621124268
epoch_times: [151.62292098999023, 150.19928336143494, 151.99796867370605, 149.10465598106384, 151.99498653411865, 150.37177968025208, 153.2644236087799, 151.87836503982544, 152.24573612213135, 152.07688283920288, 150.8738648891449, 152.8117082118988, 149.745600938797, 151.52701497077942, 151.69119310379028, 153.88642954826355, 151.10252404212952, 152.97021007537842, 149.44201469421387, 151.88289880752563]