training_time: 151.7773916721344
epoch_times: [7.767858982086182, 7.493293523788452, 7.520059108734131, 7.560308933258057, 7.679156541824341, 7.482641696929932, 7.5281758308410645, 7.682765007019043, 7.567466497421265, 7.500843048095703, 7.553759813308716, 7.724600076675415, 7.588040590286255, 7.508062839508057, 7.511083126068115, 7.688393831253052, 7.736210346221924, 7.5528035163879395, 7.5729522705078125, 7.558916091918945]