training_time: 1122.1631829738617
epoch_times: [56.47918891906738, 56.39691162109375, 56.38343858718872, 55.016252756118774, 55.46597671508789, 57.165067195892334, 56.625964879989624, 56.34688425064087, 56.32520318031311, 56.334721326828, 56.508573055267334, 56.39859056472778, 55.516714572906494, 54.57454466819763, 55.16481685638428, 54.71778106689453, 57.230942487716675, 56.741334676742554, 56.28094720840454, 56.489328384399414]