training_time: 298.341867685318
epoch_times: [15.176586627960205, 14.80473780632019, 14.778254985809326, 14.787306785583496, 14.754034519195557, 14.904422760009766, 14.971169233322144, 14.970749139785767, 14.786361694335938, 14.887791872024536, 14.919164419174194, 14.893736124038696, 14.762025833129883, 15.160481691360474, 15.203925609588623, 14.823521375656128, 15.029450178146362, 14.997888326644897, 15.054346799850464, 14.675911903381348]