training_time: 2299.8283693790436
epoch_times: [112.09273648262024, 113.7723457813263, 114.28285717964172, 112.64438033103943, 113.35077714920044, 114.25185799598694, 115.5334951877594, 114.22442173957825, 114.51034760475159, 113.81514477729797, 114.25215077400208, 116.13284873962402, 116.83577466011047, 116.40957880020142, 115.89774489402771, 116.48978281021118, 116.60457038879395, 116.29352450370789, 115.85401201248169, 116.58001756668091]