training_time: 120.26612663269043
epoch_times: [6.021766424179077, 6.06459903717041, 6.177425146102905, 6.02109694480896, 6.01462197303772, 5.995110988616943, 6.036868572235107, 6.034267902374268, 5.987886667251587, 6.011066675186157, 6.001922607421875, 6.073040008544922, 6.012995958328247, 6.04103946685791, 6.057439088821411, 6.034604549407959, 5.918559551239014, 5.910480737686157, 5.90937352180481, 5.94196081161499]