training_time: 277.51634097099304
epoch_times: [13.882156610488892, 13.741364002227783, 13.893896102905273, 13.814244747161865, 13.928425073623657, 13.822126626968384, 13.80557131767273, 13.866495370864868, 13.86661982536316, 13.910973072052002, 13.86733889579773, 13.932358980178833, 14.011894226074219, 13.98631763458252, 13.905941009521484, 13.850539684295654, 13.809980154037476, 13.841684579849243, 13.893863201141357, 13.884549856185913]