training_time: 1980.4878208637238
epoch_times: [99.44106674194336, 98.97146654129028, 98.89024138450623, 99.06434154510498, 98.89097166061401, 99.47527718544006, 98.98080730438232, 98.94697642326355, 99.01079773902893, 98.90895104408264, 99.35788631439209, 98.96454095840454, 99.01398634910583, 98.91051316261292, 98.91234254837036, 98.89285683631897, 98.96097302436829, 98.93663263320923, 98.9923689365387, 98.96482253074646]