training_time: 519.5549695491791
epoch_times: [25.84810781478882, 25.94385838508606, 26.33694100379944, 26.428839206695557, 26.03271722793579, 26.31598424911499, 26.255322217941284, 25.84357714653015, 26.106831789016724, 25.922889709472656, 25.573209285736084, 25.448134183883667, 25.73613667488098, 26.122680187225342, 25.854591131210327, 26.05574941635132, 25.71923565864563, 24.595314025878906, 25.985716342926025, 27.429133892059326]