training_time: 3052.2670860290527
epoch_times: [151.94466280937195, 151.93635249137878, 152.09025192260742, 151.711345911026, 151.72656559944153, 152.00348329544067, 151.29971551895142, 152.00506019592285, 156.6124393939972, 156.15172290802002, 151.96964716911316, 151.6935694217682, 151.93612337112427, 151.17171931266785, 152.21620726585388, 151.32247138023376, 151.26468586921692, 152.52188181877136, 156.07562708854675, 154.61355328559875]