training_time: 55.13742733001709
epoch_times: [2.7521743774414062, 2.760739803314209, 2.7557849884033203, 2.7558391094207764, 2.762209892272949, 2.761444091796875, 2.7594826221466064, 2.7569525241851807, 2.747041940689087, 2.7546961307525635, 2.753129482269287, 2.75789213180542, 2.7585198879241943, 2.755141258239746, 2.749758243560791, 2.7519917488098145, 2.755599021911621, 2.7701709270477295, 2.762709140777588, 2.756150007247925]