training_time: 439.07913184165955
epoch_times: [23.22872304916382, 21.684256315231323, 21.975042581558228, 21.466098070144653, 21.662574291229248, 21.840447664260864, 22.14520764350891, 20.793092489242554, 21.92400813102722, 21.70021367073059, 22.467766046524048, 22.570769786834717, 21.61698055267334, 21.419397354125977, 21.692233085632324, 22.792505741119385, 21.605351448059082, 21.90879535675049, 22.10965371131897, 22.476014852523804]