training_time: 20.766305208206177
epoch_times: [1.327676773071289, 1.0284478664398193, 1.024665355682373, 1.028888463973999, 1.032524585723877, 1.0172052383422852, 1.025805950164795, 1.0269865989685059, 1.025745153427124, 1.0167977809906006, 1.009779691696167, 1.0242340564727783, 1.0233445167541504, 1.0243401527404785, 1.0214180946350098, 1.0232727527618408, 1.0239067077636719, 1.0228080749511719, 1.0065855979919434, 1.0318717956542969]