training_time: 13.56599235534668
epoch_times: [0.6130831241607666, 0.6370189189910889, 0.739361047744751, 0.7020962238311768, 0.7144308090209961, 0.635704755783081, 0.6969819068908691, 0.6537799835205078, 0.7378668785095215, 0.6674890518188477, 0.7741658687591553, 0.6566100120544434, 0.6589310169219971, 0.6808938980102539, 0.6754150390625, 0.6246597766876221, 0.651298999786377, 0.7227621078491211, 0.6620428562164307, 0.6614000797271729]