training_time: 232.2992889881134
epoch_times: [11.33742356300354, 11.778648138046265, 11.866615056991577, 11.17885136604309, 11.843575716018677, 11.826108932495117, 11.173811435699463, 11.742291450500488, 11.331822156906128, 11.25352931022644, 11.310860872268677, 11.366292238235474, 11.872635841369629, 11.939431428909302, 11.258662939071655, 12.2489173412323, 12.195783615112305, 11.22437858581543, 11.788647890090942, 11.761001110076904]