training_time: 300.64826464653015
epoch_times: [15.44843053817749, 15.393990278244019, 15.405646800994873, 15.398785829544067, 15.505632400512695, 15.38901972770691, 15.484851360321045, 15.479817390441895, 15.303809404373169, 14.734508752822876, 14.77540135383606, 14.710043907165527, 14.580490350723267, 14.768621683120728, 14.679296016693115, 14.60666012763977, 14.747056007385254, 14.686774015426636, 14.75838589668274, 14.791042804718018]