training_time: 440.14617466926575
epoch_times: [21.88464093208313, 22.911614894866943, 22.674073934555054, 22.328840732574463, 22.180650234222412, 21.987879514694214, 22.01476788520813, 21.124993562698364, 20.405369997024536, 21.8194739818573, 22.481322050094604, 22.13441753387451, 22.18990683555603, 21.919896602630615, 21.455436944961548, 21.66189980506897, 21.817973136901855, 22.220484256744385, 22.7291042804718, 22.20342755317688]