training_time: 1196.9579637050629
epoch_times: [59.7756187915802, 59.62318015098572, 59.58065581321716, 60.85144376754761, 61.07191514968872, 60.72785019874573, 59.73953723907471, 59.75568199157715, 59.7709014415741, 59.6968777179718, 59.62675452232361, 59.77359485626221, 59.67628788948059, 59.683656215667725, 59.58376455307007, 59.61085295677185, 59.63421297073364, 59.52179193496704, 59.57018208503723, 59.68320345878601]