training_time: 510.4104735851288
epoch_times: [26.092161893844604, 25.823328495025635, 25.61798882484436, 25.45524263381958, 25.406258583068848, 25.73402762413025, 25.521050453186035, 25.703842639923096, 25.67845845222473, 25.954174757003784, 25.58751344680786, 25.35963201522827, 25.89326024055481, 25.95171618461609, 25.052647829055786, 23.701168060302734, 26.418675184249878, 25.666616916656494, 24.888684034347534, 24.904025316238403]