training_time: 435.508505821228
epoch_times: [21.883912563323975, 22.109920024871826, 21.99529719352722, 21.822108507156372, 21.479745626449585, 21.599809169769287, 22.11779808998108, 21.980492115020752, 22.193445920944214, 21.961310863494873, 21.752712726593018, 21.90402388572693, 20.717198848724365, 19.941171407699585, 21.413911819458008, 22.48305583000183, 22.132752656936646, 22.110744953155518, 22.07370948791504, 21.835384130477905]