training_time: 17.67850971221924
epoch_times: [0.8852787017822266, 0.8774471282958984, 0.8818631172180176, 0.8758893013000488, 0.8774349689483643, 0.8799772262573242, 0.8930671215057373, 0.899172306060791, 0.8913156986236572, 0.8941078186035156, 0.8892307281494141, 0.8782920837402344, 0.8767967224121094, 0.8902285099029541, 0.8835093975067139, 0.8801183700561523, 0.8775300979614258, 0.8798956871032715, 0.8789229393005371, 0.8884317874908447]