training_time: 111.77248024940491
epoch_times: [5.557049036026001, 5.644728660583496, 5.54022216796875, 5.531139373779297, 5.529082775115967, 5.635315418243408, 5.541127920150757, 5.592439413070679, 5.684246301651001, 5.724843978881836, 5.534855127334595, 5.562092542648315, 5.640533685684204, 5.624163866043091, 5.531156778335571, 5.542057514190674, 5.643131732940674, 5.575074911117554, 5.590591669082642, 5.5486273765563965]