training_time: 440.02717661857605
epoch_times: [22.628614902496338, 21.881088972091675, 22.206355810165405, 22.318034172058105, 22.367950916290283, 22.626068115234375, 22.358030319213867, 21.675498962402344, 22.141472578048706, 22.472599029541016, 22.73004412651062, 22.496716022491455, 20.849788904190063, 19.713375568389893, 21.968244791030884, 21.701524019241333, 21.54509425163269, 21.95112180709839, 22.1922504901886, 22.20330286026001]