training_time: 417.18766951560974
epoch_times: [20.635881185531616, 21.14044213294983, 21.27729082107544, 21.315025568008423, 20.856674194335938, 20.83933401107788, 20.898850202560425, 21.26652717590332, 20.890032291412354, 21.16942310333252, 20.914172410964966, 20.7413010597229, 20.441640615463257, 19.305676698684692, 22.093979835510254, 20.697003602981567, 20.393176555633545, 20.957151889801025, 20.727898359298706, 20.626187801361084]