training_time: 232.92851495742798
epoch_times: [11.851952314376831, 11.325915575027466, 11.850777387619019, 11.284736156463623, 11.27750825881958, 11.321245193481445, 11.792704582214355, 11.880918979644775, 11.251670360565186, 11.827603578567505, 11.806918382644653, 11.196282625198364, 12.257405519485474, 11.74725890159607, 11.5116708278656, 11.94556736946106, 11.7504403591156, 11.81943941116333, 11.884128332138062, 11.34437084197998]