training_time: 21.91448473930359
epoch_times: [1.0058062076568604, 1.0154619216918945, 1.146507978439331, 1.1566624641418457, 1.1506125926971436, 1.1503965854644775, 1.000138282775879, 1.0038516521453857, 1.1497797966003418, 1.1462578773498535, 1.1424059867858887, 1.1412482261657715, 1.001762866973877, 1.0099618434906006, 1.148385763168335, 1.1520843505859375, 1.1556215286254883, 1.1459333896636963, 1.0875961780548096, 1.0040092468261719]