training_time: 1889.1937944889069
epoch_times: [93.52353286743164, 93.48816347122192, 93.52129173278809, 93.58552432060242, 93.51810789108276, 93.77169847488403, 93.74264883995056, 93.59193515777588, 93.69244146347046, 93.60249352455139, 93.47519707679749, 93.87477946281433, 94.49910378456116, 94.28797626495361, 94.63999080657959, 93.0301685333252, 96.81713128089905, 97.5685396194458, 97.33644104003906, 97.62662887573242]