training_time: 153.71198558807373
epoch_times: [7.998801946640015, 8.108577013015747, 7.592163801193237, 7.927819013595581, 7.9375646114349365, 7.532878160476685, 7.762300252914429, 7.849779367446899, 7.344829082489014, 7.844715356826782, 7.560851097106934, 7.550811767578125, 7.670391321182251, 7.351862192153931, 7.795477390289307, 7.616617202758789, 7.414250612258911, 7.905467987060547, 7.665547847747803, 7.281279563903809]