training_time: 434.59902334213257
epoch_times: [21.92846417427063, 21.416478633880615, 21.99480366706848, 23.154390811920166, 23.043965816497803, 21.946794509887695, 20.71254825592041, 19.677067518234253, 21.044633865356445, 20.87833523750305, 23.55613684654236, 22.905633211135864, 21.000228881835938, 20.89130735397339, 21.569779634475708, 21.32271409034729, 22.0275936126709, 22.52529764175415, 21.846132516860962, 21.15671706199646]