training_time: 55.25854992866516
epoch_times: [2.7738068103790283, 2.754141330718994, 2.757261276245117, 2.765528678894043, 2.770169734954834, 2.771195650100708, 2.770115613937378, 2.765207529067993, 2.7502143383026123, 2.7523066997528076, 2.764254093170166, 2.762416362762451, 2.76676344871521, 2.771489381790161, 2.7753677368164062, 2.7611773014068604, 2.7484188079833984, 2.7459728717803955, 2.7623541355133057, 2.770388126373291]