training_time: 2067.4631354808807
epoch_times: [102.84484696388245, 105.19219756126404, 102.8379430770874, 103.12281084060669, 103.04799818992615, 103.56197500228882, 103.32602453231812, 103.20377373695374, 103.5312225818634, 102.82506489753723, 103.17889785766602, 103.26617097854614, 103.9059727191925, 103.74480438232422, 102.98987078666687, 103.67837047576904, 102.74930000305176, 103.45069003105164, 103.68937635421753, 103.31582450866699]