training_time: 89.60685610771179
epoch_times: [4.5728044509887695, 4.543922424316406, 4.529783248901367, 4.471280574798584, 4.46026086807251, 4.554519414901733, 4.515965700149536, 4.4585912227630615, 4.444320917129517, 4.446547031402588, 4.458643436431885, 4.4576194286346436, 4.483582258224487, 4.455854654312134, 4.460157871246338, 4.444969415664673, 4.41784143447876, 4.495429754257202, 4.44605278968811, 4.488709211349487]