training_time: 54.710439682006836
epoch_times: [2.741424322128296, 2.745417594909668, 2.7374916076660156, 2.735607385635376, 2.7344706058502197, 2.729076623916626, 2.732119560241699, 2.7355566024780273, 2.735452890396118, 2.731248140335083, 2.72774600982666, 2.7299246788024902, 2.7334253787994385, 2.7399895191192627, 2.736863136291504, 2.736989974975586, 2.7476694583892822, 2.7273738384246826, 2.7376341819763184, 2.7349581718444824]