training_time: 394.63340878486633
epoch_times: [19.862634420394897, 19.68995690345764, 19.62825059890747, 19.489139318466187, 19.4368736743927, 19.78264617919922, 19.66172218322754, 19.678144693374634, 19.46746516227722, 19.64335560798645, 19.83556818962097, 19.497851848602295, 19.307249784469604, 19.679450035095215, 19.730517387390137, 19.70259404182434, 19.585103273391724, 19.522451639175415, 21.618901014328003, 19.813532829284668]