training_time: 2225.8179409503937
epoch_times: [109.43939924240112, 108.91944742202759, 108.84699249267578, 109.41315126419067, 109.49974489212036, 109.39219880104065, 109.70932054519653, 109.55182361602783, 109.90222668647766, 109.15029549598694, 109.53805184364319, 109.14818835258484, 109.85917806625366, 109.13482475280762, 118.60378646850586, 121.92563557624817, 113.59849739074707, 112.9728262424469, 113.73531675338745, 113.47703504562378]