training_time: 106.92072939872742
epoch_times: [5.573704957962036, 5.591456413269043, 5.620150327682495, 5.7099573612213135, 5.217954635620117, 5.3812642097473145, 5.4769065380096436, 5.518002510070801, 5.405296087265015, 5.4175732135772705, 5.340620994567871, 5.224989414215088, 5.2419257164001465, 5.072442293167114, 5.248520851135254, 5.295552015304565, 5.1945037841796875, 5.14237380027771, 5.115474462509155, 5.132059812545776]