training_time: 508.35938024520874
epoch_times: [23.46574568748474, 23.93679141998291, 23.802778244018555, 23.650537967681885, 23.617149114608765, 24.071876287460327, 27.476336002349854, 26.607882022857666, 25.832576513290405, 26.102665662765503, 25.750653982162476, 25.658153533935547, 26.219359159469604, 25.891913414001465, 25.688502073287964, 26.038938999176025, 26.122177600860596, 26.325883626937866, 26.703440189361572, 25.396018743515015]