training_time: 3337.2695417404175
epoch_times: [158.99062323570251, 169.59724354743958, 164.2464075088501, 169.6102032661438, 165.70308232307434, 166.13621306419373, 165.91874027252197, 164.69659781455994, 165.88564538955688, 167.50188040733337, 166.7166781425476, 169.13991236686707, 166.91942429542542, 163.13718366622925, 164.30690050125122, 162.65409016609192, 165.30463528633118, 166.19829893112183, 176.76930117607117, 177.83648037910461]