training_time: 104.3071014881134
epoch_times: [5.128255367279053, 5.331305027008057, 5.205552339553833, 5.157475471496582, 5.2025041580200195, 5.07219672203064, 5.317847728729248, 5.222821474075317, 5.051650762557983, 5.151134252548218, 5.230650186538696, 5.136264085769653, 5.100287437438965, 5.349416971206665, 5.312469720840454, 5.263797998428345, 5.293725967407227, 5.241776466369629, 5.274859428405762, 5.263109922409058]