training_time: 102.56991577148438
epoch_times: [5.127645969390869, 5.104669570922852, 5.107346296310425, 5.385159492492676, 5.113431692123413, 5.105701923370361, 5.113810300827026, 5.100940942764282, 5.096992254257202, 5.100332021713257, 5.301141262054443, 5.092401027679443, 5.075396776199341, 5.084057807922363, 5.083248615264893, 5.106041431427002, 5.0880961418151855, 5.1825642585754395, 5.087489128112793, 5.113448858261108]