training_time: 22.68484902381897
epoch_times: [1.1916320323944092, 1.1796247959136963, 1.1790297031402588, 1.1143643856048584, 1.1259758472442627, 1.1302416324615479, 1.137326717376709, 1.1332762241363525, 1.1313326358795166, 1.117187738418579, 1.1208865642547607, 1.1489253044128418, 1.1328067779541016, 1.1219868659973145, 1.1191840171813965, 1.1150941848754883, 1.115839958190918, 1.1240782737731934, 1.1272459030151367, 1.118809461593628]