training_time: 31.657992601394653
epoch_times: [1.6485486030578613, 1.6206417083740234, 1.5581612586975098, 1.5628693103790283, 1.6407396793365479, 1.5590107440948486, 1.570420503616333, 1.591048240661621, 1.6094624996185303, 1.6435105800628662, 1.50901460647583, 1.5117108821868896, 1.6125564575195312, 1.5252442359924316, 1.627246379852295, 1.6159131526947021, 1.604057788848877, 1.5891823768615723, 1.5169973373413086, 1.541656255722046]