training_time: 117.78862309455872
epoch_times: [5.889901638031006, 6.023187160491943, 6.020362138748169, 5.9137043952941895, 5.936112403869629, 5.717631101608276, 5.696962833404541, 5.690219402313232, 5.984904050827026, 5.955829620361328, 6.006612777709961, 6.014083623886108, 5.967482089996338, 5.995712995529175, 5.911535978317261, 5.906620740890503, 5.716716051101685, 5.7552878856658936, 5.712091445922852, 5.9736647605896]