training_time: 21.64983034133911
epoch_times: [1.0716240406036377, 1.2664649486541748, 1.2333014011383057, 1.0242125988006592, 1.0314359664916992, 1.0407745838165283, 1.2528808116912842, 1.1906261444091797, 1.026399850845337, 1.0777194499969482, 1.055375099182129, 1.0320239067077637, 1.0459942817687988, 1.0526337623596191, 1.0409319400787354, 1.0349907875061035, 1.0404181480407715, 1.0375425815582275, 1.0527658462524414, 1.0417141914367676]