training_time: 521.885792016983
epoch_times: [27.88574743270874, 27.74793815612793, 26.782202005386353, 25.733556270599365, 25.778207778930664, 25.083579301834106, 24.691471338272095, 25.85334825515747, 26.97392988204956, 24.869277238845825, 25.58896017074585, 25.074803590774536, 25.80661177635193, 27.083597421646118, 25.925316095352173, 25.69198203086853, 25.665963649749756, 25.74925398826599, 26.527637243270874, 27.372408390045166]