training_time: 2872.6627945899963
epoch_times: [143.24335074424744, 143.74933910369873, 143.25698399543762, 143.39555668830872, 143.41633796691895, 143.22169423103333, 147.10693287849426, 143.43124127388, 143.2477376461029, 143.13586473464966, 143.18593049049377, 143.54291033744812, 143.41761016845703, 143.56886744499207, 143.76286268234253, 143.41074442863464, 143.3124463558197, 143.53609895706177, 143.8042824268341, 143.916002035141]