training_time: 1164.62308883667
epoch_times: [58.246848583221436, 58.34417653083801, 58.32837700843811, 58.12324070930481, 58.41047406196594, 58.32217788696289, 58.23958373069763, 58.342920780181885, 58.497957706451416, 58.35091233253479, 58.41179943084717, 58.24139857292175, 57.54245042800903, 57.847272872924805, 57.85415601730347, 58.5008499622345, 58.88813781738281, 58.61098337173462, 57.78243923187256, 57.736931800842285]