training_time: 436.2632954120636
epoch_times: [21.742258548736572, 22.40859580039978, 22.45200252532959, 21.90087389945984, 21.906646728515625, 21.904613256454468, 21.660362482070923, 20.73836088180542, 20.649128198623657, 21.91132640838623, 22.269550561904907, 21.989983320236206, 22.30598545074463, 21.48581290245056, 21.630763292312622, 21.691837787628174, 21.43183445930481, 21.660898208618164, 22.30972456932068, 22.212736129760742]