training_time: 279.0485203266144
epoch_times: [14.024746656417847, 13.728729724884033, 14.016384840011597, 13.887388706207275, 14.02278733253479, 13.972220420837402, 13.709512948989868, 13.996361255645752, 13.954352140426636, 14.013959169387817, 13.905478239059448, 13.977399587631226, 13.901190996170044, 14.023133754730225, 13.812092304229736, 14.042538166046143, 14.000131130218506, 14.057183027267456, 14.050886869430542, 13.952043056488037]