training_time: 103.89545559883118
epoch_times: [5.379607915878296, 5.307416915893555, 5.104398965835571, 5.041697978973389, 5.002047777175903, 5.15642786026001, 5.091073274612427, 5.125542879104614, 5.187073469161987, 4.957886219024658, 5.025038719177246, 5.081768274307251, 5.002105951309204, 4.93309211730957, 5.489837646484375, 5.385579347610474, 5.491786479949951, 5.342334985733032, 5.357477426528931, 5.433261394500732]