training_time: 2954.5970203876495
epoch_times: [146.15567684173584, 148.93197751045227, 147.814218044281, 147.85495162010193, 148.51185989379883, 146.96364736557007, 148.49197435379028, 145.56490325927734, 148.3622531890869, 147.9917755126953, 149.18779921531677, 146.03776288032532, 148.84772419929504, 148.05640625953674, 147.47302508354187, 148.66783261299133, 146.45898270606995, 149.0911900997162, 145.4307222366333, 148.70233750343323]