training_time: 55.36321496963501
epoch_times: [2.773228883743286, 2.769474744796753, 2.7774553298950195, 2.769606828689575, 2.7647364139556885, 2.7734735012054443, 2.766455888748169, 2.7683792114257812, 2.7633748054504395, 2.7669055461883545, 2.771172046661377, 2.769749641418457, 2.7717761993408203, 2.778660535812378, 2.7695236206054688, 2.7624378204345703, 2.762962818145752, 2.761392593383789, 2.7581229209899902, 2.7643256187438965]