training_time: 2011.198653936386
epoch_times: [101.21931028366089, 101.08809185028076, 101.19827699661255, 101.33850431442261, 101.2060775756836, 101.17000031471252, 100.96934127807617, 101.14068913459778, 100.86919903755188, 101.06526398658752, 101.17799258232117, 100.57456541061401, 99.82132697105408, 100.12596297264099, 99.70920467376709, 100.16982960700989, 99.59615707397461, 99.61098122596741, 99.57358407974243, 99.57429456710815]