training_time: 425.34692215919495
epoch_times: [21.165029764175415, 21.53153085708618, 21.014362573623657, 21.00137734413147, 21.055245399475098, 21.05703592300415, 21.577885627746582, 21.916624784469604, 20.64581847190857, 20.584044456481934, 21.28187894821167, 20.91984748840332, 21.515425443649292, 21.47666883468628, 21.373461961746216, 21.180872440338135, 21.79808020591736, 21.259653329849243, 21.193748474121094, 21.798329830169678]