training_time: 114.72133731842041
epoch_times: [5.687535762786865, 5.771829605102539, 5.789932727813721, 5.646660327911377, 5.886026859283447, 5.89894962310791, 5.579441070556641, 5.782101631164551, 5.633789300918579, 5.676057815551758, 5.698287487030029, 5.7173871994018555, 5.789480209350586, 5.768898010253906, 5.646423578262329, 5.673088073730469, 5.706238031387329, 5.75053596496582, 5.785024166107178, 5.8336498737335205]