training_time: 198.22781801223755
epoch_times: [9.936158418655396, 10.354823350906372, 9.522234439849854, 9.99778151512146, 10.23948049545288, 9.322697401046753, 9.375534534454346, 10.009572744369507, 9.281038045883179, 9.75093960762024, 10.642027139663696, 9.501810073852539, 9.929662942886353, 10.943093299865723, 9.782592058181763, 9.537757158279419, 10.312737226486206, 10.118982553482056, 9.58330488204956, 10.085590124130249]