training_time: 236.85392308235168
epoch_times: [11.755793571472168, 11.683636903762817, 11.314141273498535, 11.89029598236084, 11.753674030303955, 11.447648286819458, 11.9699547290802, 11.555481910705566, 11.659564733505249, 11.32038688659668, 11.289167165756226, 11.310055017471313, 11.308577299118042, 11.604249000549316, 11.633006811141968, 11.390022277832031, 11.99172067642212, 13.2937490940094, 13.181588172912598, 13.501209259033203]