training_time: 232.80696034431458
epoch_times: [12.022381782531738, 11.308100938796997, 11.932990550994873, 11.946074724197388, 11.281962156295776, 11.917092323303223, 11.906758308410645, 11.382277488708496, 11.386727333068848, 11.317882299423218, 11.278555870056152, 11.303633213043213, 11.587898254394531, 11.937572956085205, 11.410207033157349, 11.789068460464478, 12.042070865631104, 11.317873001098633, 11.94873595237732, 11.78909683227539]