training_time: 421.34204363822937
epoch_times: [22.417989253997803, 20.371984243392944, 20.91299605369568, 21.56603503227234, 21.245221376419067, 20.780953645706177, 20.585933208465576, 19.7343008518219, 21.23536491394043, 21.971176385879517, 21.927603244781494, 21.061360359191895, 20.68022918701172, 21.319936752319336, 21.281222820281982, 20.92196249961853, 20.83681631088257, 20.901030778884888, 20.798627853393555, 20.791298866271973]