training_time: 17.52948021888733
epoch_times: [0.8963043689727783, 0.8782234191894531, 0.8753056526184082, 0.8723905086517334, 0.8819787502288818, 0.8811905384063721, 0.8746514320373535, 0.8732531070709229, 0.8777122497558594, 0.868727445602417, 0.8776066303253174, 0.889611005783081, 0.8719701766967773, 0.8714382648468018, 0.869239330291748, 0.8808989524841309, 0.8739287853240967, 0.872413158416748, 0.8726174831390381, 0.8700189590454102]