training_time: 22.461997509002686
epoch_times: [1.133446216583252, 1.1245503425598145, 1.126363754272461, 1.1285111904144287, 1.1272540092468262, 1.1253232955932617, 1.1062366962432861, 1.0990140438079834, 1.1310913562774658, 1.1305465698242188, 1.107043743133545, 1.128488302230835, 1.1197640895843506, 1.108250617980957, 1.129079818725586, 1.1333303451538086, 1.1291544437408447, 1.1424541473388672, 1.1258752346038818, 1.1062192916870117]