training_time: 446.3643355369568
epoch_times: [24.17913293838501, 22.11108922958374, 21.783631324768066, 21.959967374801636, 22.171966314315796, 22.737297773361206, 23.802409410476685, 20.78221368789673, 20.902677536010742, 21.274866580963135, 21.817423343658447, 22.475745916366577, 24.085825443267822, 22.426863193511963, 21.800291538238525, 22.31326413154602, 22.215529441833496, 22.19199848175049, 22.430801391601562, 22.90134048461914]