training_time: 19.736961841583252
epoch_times: [1.0009839534759521, 0.9798986911773682, 0.9803717136383057, 0.9789619445800781, 0.9842214584350586, 0.9846549034118652, 0.9822607040405273, 0.9997775554656982, 0.9956545829772949, 0.9842448234558105, 0.9888105392456055, 0.9782230854034424, 0.9832010269165039, 1.0034165382385254, 0.9892275333404541, 0.998154878616333, 0.9872045516967773, 0.982391357421875, 0.9758491516113281, 0.9794528484344482]