training_time: 87.56762719154358
epoch_times: [4.394312620162964, 4.376454830169678, 4.381953001022339, 4.3888304233551025, 4.3878045082092285, 4.378331422805786, 4.3679039478302, 4.370462417602539, 4.386932373046875, 4.373172044754028, 4.366276025772095, 4.377648591995239, 4.382339715957642, 4.379926681518555, 4.369023084640503, 4.375556945800781, 4.38432765007019, 4.371919393539429, 4.37242579460144, 4.382025718688965]