training_time: 120.44469976425171
epoch_times: [5.996285438537598, 6.096348762512207, 6.028169393539429, 6.074969291687012, 6.0027711391448975, 6.096778869628906, 5.970034122467041, 6.0418455600738525, 6.0077362060546875, 6.023960113525391, 6.0353546142578125, 6.015650272369385, 6.031586647033691, 5.9853973388671875, 5.9534502029418945, 6.0233752727508545, 6.013549327850342, 6.0408008098602295, 6.018890380859375, 5.987746000289917]