training_time: 292.30747747421265
epoch_times: [14.620100259780884, 14.771311521530151, 14.685778856277466, 14.668335199356079, 14.636381387710571, 14.624262809753418, 14.652807474136353, 14.695847988128662, 14.87028694152832, 14.509775400161743, 14.644707918167114, 14.584738731384277, 14.548426628112793, 14.513166427612305, 14.533363580703735, 14.52437424659729, 14.607706785202026, 14.509181499481201, 14.565397024154663, 14.541526794433594]