training_time: 120.61167883872986
epoch_times: [6.061769485473633, 6.0862956047058105, 6.015540361404419, 6.032594680786133, 5.984568119049072, 6.0311598777771, 5.931432723999023, 6.099262237548828, 6.038586854934692, 6.041295528411865, 6.000179767608643, 6.016573667526245, 6.060122966766357, 6.084267854690552, 6.08688497543335, 6.013504266738892, 6.051505088806152, 6.011391878128052, 5.9758429527282715, 5.9888999462127686]