training_time: 451.73282623291016
epoch_times: [23.10659170150757, 22.41504430770874, 22.75736403465271, 22.43834900856018, 22.924726486206055, 22.413982391357422, 22.70056176185608, 21.960951566696167, 22.90858745574951, 23.04353380203247, 22.413965225219727, 23.0661518573761, 21.51542615890503, 21.8831946849823, 22.269522428512573, 22.740729331970215, 23.060795783996582, 22.719040632247925, 22.403825283050537, 22.990482330322266]