training_time: 200.11229181289673
epoch_times: [10.044093370437622, 10.02180528640747, 9.992095947265625, 9.951761722564697, 10.060703039169312, 9.981629848480225, 10.2273428440094, 10.153807878494263, 9.959327459335327, 10.058712244033813, 9.949681997299194, 9.96290373802185, 9.933533668518066, 9.931720972061157, 10.007075786590576, 9.935996532440186, 10.00006914138794, 9.94945478439331, 9.93367624282837, 10.056899309158325]