training_time: 517.4797494411469
epoch_times: [28.39310646057129, 28.418604373931885, 27.238343715667725, 26.08107304573059, 26.181938409805298, 26.136905908584595, 26.228060722351074, 26.220415830612183, 26.3485050201416, 26.428679943084717, 25.881826162338257, 26.111158847808838, 26.07451105117798, 26.252846240997314, 25.002270221710205, 25.225733518600464, 23.937594890594482, 23.957146406173706, 23.747291326522827, 23.61373734474182]