training_time: 90.33862328529358
epoch_times: [4.731618165969849, 4.526556730270386, 4.473973035812378, 4.471500396728516, 4.474876642227173, 4.475055694580078, 4.453961610794067, 4.452746152877808, 4.473243951797485, 4.5067138671875, 4.538967132568359, 4.521790027618408, 4.5354344844818115, 4.490165948867798, 4.531925916671753, 4.546304941177368, 4.533734560012817, 4.525042295455933, 4.523520231246948, 4.5514914989471436]