training_time: 198.08529829978943
epoch_times: [10.67634654045105, 9.681659460067749, 9.498806238174438, 9.729033470153809, 10.803246021270752, 9.540710687637329, 10.130174398422241, 9.407989263534546, 9.78166127204895, 10.944099187850952, 9.687769889831543, 10.006804704666138, 9.871702194213867, 9.942223310470581, 9.819952011108398, 9.480222225189209, 9.864431381225586, 10.108409643173218, 9.304828643798828, 9.805227756500244]