training_time: 22.00845193862915
epoch_times: [1.1303460597991943, 1.069307565689087, 1.1167364120483398, 0.9960341453552246, 1.0978584289550781, 1.0307466983795166, 1.1404991149902344, 1.1425631046295166, 1.1361169815063477, 1.1426165103912354, 1.0837805271148682, 1.0731987953186035, 1.133375883102417, 1.1279757022857666, 1.135784387588501, 1.139129638671875, 0.9962644577026367, 1.0569114685058594, 1.1240310668945312, 1.1351749897003174]