training_time: 111.71825408935547
epoch_times: [5.654470443725586, 5.547011137008667, 5.545132398605347, 5.639817237854004, 5.532172918319702, 5.5238823890686035, 5.60744309425354, 5.5559821128845215, 5.550358533859253, 5.632312536239624, 5.549198627471924, 5.576098442077637, 5.5933825969696045, 5.614035367965698, 5.571256875991821, 5.613469839096069, 5.6447882652282715, 5.541645765304565, 5.570113897323608, 5.655681610107422]