training_time: 444.47291254997253
epoch_times: [22.22526216506958, 22.23561429977417, 21.831096172332764, 22.14557456970215, 23.372204303741455, 23.118581771850586, 22.649481773376465, 21.703354835510254, 20.9207923412323, 21.625648498535156, 21.792522192001343, 22.189054250717163, 22.124248504638672, 22.035399198532104, 22.716688632965088, 22.74825668334961, 22.562471389770508, 22.087716579437256, 22.300798654556274, 22.08814573287964]