training_time: 119.34587001800537
epoch_times: [5.993831157684326, 5.955339431762695, 5.914635181427002, 5.919142723083496, 5.920584440231323, 5.91327428817749, 5.913120985031128, 5.923827886581421, 5.918953895568848, 5.9739930629730225, 5.989820241928101, 6.0413243770599365, 5.971949815750122, 6.031923770904541, 5.983720541000366, 6.065836668014526, 6.026781320571899, 6.018643856048584, 5.935153007507324, 5.934013366699219]