training_time: 1877.1423981189728
epoch_times: [94.79930233955383, 94.61378335952759, 94.95178484916687, 94.05738949775696, 93.9040219783783, 94.96893453598022, 94.63668489456177, 92.91637110710144, 90.20722842216492, 90.21700501441956, 90.16033792495728, 90.82399654388428, 91.11008834838867, 95.33073496818542, 95.77293682098389, 95.9467282295227, 96.05633211135864, 95.81047058105469, 95.92040491104126, 94.9378616809845]