training_time: 112.84670495986938
epoch_times: [5.633509159088135, 5.620380640029907, 5.563984155654907, 5.664228916168213, 5.943409204483032, 5.659131765365601, 5.612600088119507, 5.76253342628479, 5.546252727508545, 5.680612087249756, 5.658069610595703, 5.66734766960144, 5.463864326477051, 5.664690256118774, 5.542301416397095, 5.678624868392944, 5.469709396362305, 5.607359886169434, 5.7594451904296875, 5.648650169372559]