training_time: 508.49958181381226
epoch_times: [26.26904606819153, 25.816504955291748, 26.47497272491455, 26.438769817352295, 26.14444327354431, 26.304614067077637, 26.26319432258606, 26.45942711830139, 26.6379497051239, 26.383159160614014, 26.1957585811615, 26.3037371635437, 26.496277809143066, 25.626980304718018, 23.751912593841553, 23.59159016609192, 23.713767290115356, 23.59554433822632, 23.020413160324097, 23.011519193649292]