training_time: 435.78964948654175
epoch_times: [22.520610809326172, 22.24447250366211, 22.18615436553955, 22.064929008483887, 21.692002296447754, 21.6636803150177, 22.153379678726196, 21.451082468032837, 20.81501293182373, 21.646347284317017, 22.19938063621521, 21.542720079421997, 20.859424114227295, 21.500083446502686, 21.632323265075684, 21.6780047416687, 22.205450773239136, 22.37913155555725, 21.417104721069336, 21.9383544921875]