training_time: 200.96326541900635
epoch_times: [9.675792694091797, 10.255857706069946, 11.128920316696167, 9.162721872329712, 9.371769428253174, 10.02926230430603, 11.079011678695679, 9.665103673934937, 9.537166357040405, 10.00732970237732, 10.674484729766846, 9.602172613143921, 10.090713262557983, 11.008055925369263, 9.694664716720581, 9.62996506690979, 10.09609079360962, 10.47414517402649, 9.539896726608276, 10.240140676498413]