training_time: 509.01461601257324
epoch_times: [23.848864316940308, 23.65861964225769, 23.841681957244873, 23.88133668899536, 25.564302682876587, 24.69768977165222, 26.68260169029236, 25.882426261901855, 25.09591245651245, 25.381232976913452, 25.684513092041016, 26.623600244522095, 26.428210973739624, 25.18594527244568, 25.2857449054718, 25.70293402671814, 26.01725959777832, 26.352303743362427, 27.58631992340088, 25.613115787506104]