training_time: 2410.7462446689606
epoch_times: [113.92619252204895, 113.32176971435547, 113.45289611816406, 155.68929767608643, 112.26350736618042, 117.35732913017273, 115.45054006576538, 114.08337950706482, 111.85630583763123, 111.45444750785828, 155.4545545578003, 113.2583544254303, 119.63291215896606, 114.83140015602112, 112.49367213249207, 114.86448740959167, 157.41757655143738, 113.29700946807861, 117.84797859191895, 112.79263377189636]