training_time: 280.82482504844666
epoch_times: [14.093133926391602, 13.650909662246704, 14.238025903701782, 13.777095556259155, 14.135584831237793, 14.190648555755615, 14.150761604309082, 14.124093294143677, 13.988560438156128, 14.253148078918457, 14.162112712860107, 13.895561933517456, 14.13772463798523, 13.55635952949524, 14.121034860610962, 13.90593671798706, 14.117392301559448, 14.19368052482605, 13.803131103515625, 14.329928874969482]