training_time: 424.7115957736969
epoch_times: [21.907845735549927, 21.72023606300354, 21.59620976448059, 21.62873649597168, 21.592616319656372, 21.29417657852173, 21.549936056137085, 21.658594846725464, 21.61297035217285, 21.706220865249634, 20.892273426055908, 19.839048624038696, 19.599663257598877, 19.318957328796387, 21.593663215637207, 21.749258279800415, 21.26104426383972, 21.29263949394226, 21.328534603118896, 21.568970203399658]