training_time: 2845.24827170372
epoch_times: [144.36286306381226, 141.76332759857178, 142.17646741867065, 142.202787399292, 141.7630250453949, 142.75138235092163, 142.27965593338013, 143.07993912696838, 142.66786813735962, 142.15009903907776, 142.08829355239868, 141.99354195594788, 141.7365698814392, 142.5514760017395, 142.54467129707336, 141.78354334831238, 141.65888237953186, 142.117657661438, 142.16259741783142, 141.41362309455872]