training_time: 2009.8774552345276
epoch_times: [104.45606398582458, 105.11427140235901, 103.28012704849243, 100.55831956863403, 99.9992003440857, 100.10288310050964, 99.39328098297119, 99.14418029785156, 98.85315704345703, 98.86262798309326, 99.25512742996216, 98.61175203323364, 98.70173573493958, 97.80661129951477, 101.29829454421997, 100.89785408973694, 101.25605988502502, 100.96912574768066, 100.77892851829529, 100.53785419464111]