training_time: 282.1328384876251
epoch_times: [14.051312446594238, 14.126361608505249, 14.082982063293457, 14.119576215744019, 14.278511047363281, 13.954792261123657, 14.207124710083008, 14.069016456604004, 14.111599683761597, 14.18237042427063, 14.046576738357544, 14.22128939628601, 13.993755578994751, 14.26218032836914, 13.631588459014893, 14.25556492805481, 14.165597200393677, 14.168820858001709, 13.930466413497925, 14.273351669311523]