training_time: 1162.0242743492126
epoch_times: [58.9105761051178, 58.84428858757019, 58.60588717460632, 58.2773551940918, 58.12776827812195, 58.603652477264404, 58.27447533607483, 58.44830322265625, 58.48382616043091, 57.966800689697266, 57.79342222213745, 57.81912541389465, 57.89599251747131, 57.518935203552246, 58.171574115753174, 57.94290375709534, 57.71289587020874, 57.74852418899536, 57.429707765579224, 57.44826006889343]