training_time: 432.35480880737305
epoch_times: [22.30664038658142, 21.85994529724121, 21.01918315887451, 21.321438312530518, 21.954283237457275, 21.794158458709717, 21.51387357711792, 22.07016134262085, 22.245681285858154, 22.130021572113037, 21.45727801322937, 20.51427173614502, 21.379935264587402, 19.837463855743408, 21.658390045166016, 21.73149871826172, 21.63336944580078, 22.016560077667236, 22.44163227081299, 21.469022750854492]