training_time: 108.39551830291748
epoch_times: [5.286026239395142, 5.303470134735107, 5.217545509338379, 5.104583024978638, 5.247619867324829, 5.524114370346069, 5.453445911407471, 5.312427997589111, 5.450173377990723, 5.494245767593384, 5.4643800258636475, 5.419044494628906, 5.541283130645752, 5.372009038925171, 5.44834303855896, 5.59426736831665, 5.672986268997192, 5.4222493171691895, 5.60119104385376, 5.466112375259399]