training_time: 154.0997703075409
epoch_times: [7.753826379776001, 7.143683910369873, 7.546451568603516, 7.727552175521851, 7.101419925689697, 7.508849143981934, 7.240091562271118, 7.792090177536011, 7.867812395095825, 7.54505181312561, 8.147793292999268, 7.843247890472412, 7.641957521438599, 8.106902360916138, 7.874026536941528, 7.555055856704712, 8.12923288345337, 8.101069688796997, 7.587201118469238, 7.886454105377197]