training_time: 279.0247485637665
epoch_times: [13.737489461898804, 13.986332416534424, 13.936054944992065, 13.901684284210205, 14.050970792770386, 14.009084939956665, 13.993599891662598, 13.981066942214966, 13.93554973602295, 13.893561363220215, 13.938493013381958, 13.884237051010132, 14.051311492919922, 13.810792207717896, 14.049679279327393, 14.084667444229126, 13.97061562538147, 13.968712091445923, 13.769210577011108, 14.071635007858276]