training_time: 22.47879385948181
epoch_times: [1.121788501739502, 1.1224665641784668, 1.127516746520996, 1.1212608814239502, 1.1220574378967285, 1.1137285232543945, 1.117997407913208, 1.1284165382385254, 1.1298532485961914, 1.1389062404632568, 1.1371307373046875, 1.1277284622192383, 1.1179993152618408, 1.1095671653747559, 1.1237452030181885, 1.131023645401001, 1.1214079856872559, 1.1302621364593506, 1.1191565990447998, 1.1167805194854736]