training_time: 393.38545060157776
epoch_times: [19.708626985549927, 19.183518886566162, 19.776432752609253, 19.51421546936035, 19.665510892868042, 19.70103621482849, 19.665765285491943, 19.628798246383667, 20.728163242340088, 19.466503143310547, 19.688578367233276, 19.625773429870605, 19.509937286376953, 19.43302845954895, 19.776681423187256, 19.6591694355011, 19.679088830947876, 19.50078248977661, 19.643338680267334, 19.830501079559326]