training_time: 59.12006139755249
epoch_times: [2.973905563354492, 3.104748487472534, 2.9635138511657715, 2.9535467624664307, 2.9808013439178467, 2.9553160667419434, 2.965095043182373, 2.9384355545043945, 2.9258456230163574, 2.9210965633392334, 2.9118151664733887, 2.9347989559173584, 2.907019853591919, 2.9447622299194336, 2.955650806427002, 2.9641380310058594, 2.953491449356079, 2.9522833824157715, 2.9541585445404053, 2.9596381187438965]