training_time: 1890.2261593341827
epoch_times: [94.32342910766602, 94.16102504730225, 94.2369213104248, 94.3874921798706, 94.69010424613953, 94.70398926734924, 94.54481077194214, 94.52112913131714, 94.6100206375122, 94.50736784934998, 94.50397324562073, 94.66747093200684, 94.60599374771118, 94.58891320228577, 94.6882472038269, 94.50532102584839, 94.54066181182861, 94.50853991508484, 94.51595163345337, 94.41479706764221]