training_time: 512.5971035957336
epoch_times: [26.44471049308777, 26.57895040512085, 26.212563276290894, 26.239039421081543, 25.851203203201294, 25.982938289642334, 25.529891967773438, 25.85319495201111, 25.649383544921875, 25.86601972579956, 25.650998830795288, 25.73267388343811, 25.75871777534485, 25.69851016998291, 24.890697717666626, 23.342257738113403, 24.789485454559326, 25.144521236419678, 25.506733179092407, 25.87461233139038]