training_time: 164.1024739742279
epoch_times: [8.1731276512146, 8.428286075592041, 8.478444576263428, 8.286531925201416, 8.169471740722656, 8.128741979598999, 8.02964162826538, 8.05344271659851, 7.822462558746338, 8.40477728843689, 8.215072870254517, 8.15848970413208, 8.322141885757446, 8.410731077194214, 8.06937289237976, 8.035658359527588, 8.233020544052124, 8.446789979934692, 8.067956447601318, 8.168312072753906]