training_time: 521.1536242961884
epoch_times: [27.689226627349854, 26.77481770515442, 26.51621413230896, 25.819416999816895, 25.987756729125977, 24.319199085235596, 25.87038779258728, 26.063843727111816, 26.172848224639893, 26.276144981384277, 25.86538863182068, 25.75333333015442, 25.972031831741333, 25.896602630615234, 26.199673175811768, 26.061964988708496, 25.870927095413208, 26.180500030517578, 25.818806648254395, 26.04453992843628]