training_time: 19.637038469314575
epoch_times: [0.9798452854156494, 0.9979372024536133, 0.995098352432251, 0.9865784645080566, 0.9838602542877197, 0.9863855838775635, 0.972632646560669, 0.972538948059082, 0.9838991165161133, 0.9735236167907715, 0.9741179943084717, 0.9836826324462891, 0.9725265502929688, 0.9804925918579102, 0.993950366973877, 0.9760940074920654, 0.9795994758605957, 0.9831411838531494, 0.9814395904541016, 0.9796946048736572]