training_time: 102.45728778839111
epoch_times: [5.092494487762451, 5.07668924331665, 5.414479732513428, 5.081551790237427, 5.066948413848877, 5.060347318649292, 5.069949150085449, 5.056231260299683, 5.061112642288208, 5.182884216308594, 5.071297645568848, 5.097946405410767, 5.1799633502960205, 5.092083692550659, 5.1174492835998535, 5.07972526550293, 5.064819812774658, 5.126835346221924, 5.1013453006744385, 5.363133430480957]