training_time: 516.3402409553528
epoch_times: [26.53477382659912, 25.892497777938843, 25.784921646118164, 25.952614545822144, 25.745188236236572, 24.219037294387817, 25.3656268119812, 25.698970079421997, 25.930861473083496, 25.90672254562378, 25.48397660255432, 26.106271505355835, 25.98598861694336, 25.700897932052612, 25.88917899131775, 26.24711322784424, 26.298518657684326, 26.17318820953369, 25.70893096923828, 25.714962005615234]