training_time: 21.93793559074402
epoch_times: [1.1673169136047363, 0.9954605102539062, 1.0232698917388916, 1.1094470024108887, 1.147249698638916, 1.140674114227295, 1.1400954723358154, 1.0450329780578613, 1.0289661884307861, 1.0389976501464844, 1.1484475135803223, 1.1581151485443115, 1.1531190872192383, 1.1488723754882812, 1.025193691253662, 1.038801908493042, 1.161806344985962, 1.107212781906128, 1.038283348083496, 1.1215729713439941]