training_time: 432.1824429035187
epoch_times: [22.185949087142944, 22.054625988006592, 21.92348337173462, 21.553636074066162, 21.65117597579956, 21.517409324645996, 21.57767105102539, 22.081185340881348, 22.068122625350952, 21.54601502418518, 21.874592542648315, 21.71726655960083, 20.89229440689087, 19.85710597038269, 21.344521284103394, 21.924073219299316, 21.631810665130615, 21.372764348983765, 21.590293645858765, 21.818446397781372]