training_time: 2195.874319791794
epoch_times: [112.22130155563354, 111.52130579948425, 108.09191465377808, 107.96286821365356, 106.62153887748718, 111.99321413040161, 112.14717173576355, 106.4467887878418, 107.04912185668945, 107.58408951759338, 112.2972149848938, 110.02877974510193, 107.67736506462097, 108.55180239677429, 112.27160358428955, 111.72089552879333, 108.19532203674316, 113.34544682502747, 110.96570158004761, 109.1808729171753]