training_time: 2981.1899456977844
epoch_times: [149.2301254272461, 152.0443959236145, 146.65386366844177, 150.2114691734314, 148.5054268836975, 149.40350198745728, 149.16335034370422, 150.9179368019104, 148.8885190486908, 148.88515639305115, 149.83960270881653, 148.9970943927765, 150.2860026359558, 147.7777533531189, 149.8788993358612, 147.74645805358887, 148.22589230537415, 147.5736973285675, 149.16276264190674, 147.79803729057312]