training_time: 90.10799384117126
epoch_times: [4.575158357620239, 4.529276609420776, 4.5124757289886475, 4.510690689086914, 4.5003015995025635, 4.519408226013184, 4.5727434158325195, 4.4928138256073, 4.497103929519653, 4.486369848251343, 4.459892749786377, 4.506566524505615, 4.4876627922058105, 4.506100416183472, 4.465012550354004, 4.513301610946655, 4.518179655075073, 4.488507032394409, 4.467017412185669, 4.49941086769104]