training_time: 423.3655278682709
epoch_times: [20.34533190727234, 19.63236403465271, 19.640373945236206, 19.583699464797974, 19.616652250289917, 19.942017793655396, 20.527684450149536, 23.77446150779724, 21.74879217147827, 22.270468950271606, 22.202577114105225, 21.847294569015503, 21.834467887878418, 21.77556872367859, 21.567299604415894, 21.193066835403442, 21.643813610076904, 21.324564218521118, 21.14689040184021, 21.748138427734375]