training_time: 426.84982323646545
epoch_times: [22.91874670982361, 21.60719633102417, 21.183054208755493, 21.431800842285156, 21.148866891860962, 21.383633375167847, 21.486607313156128, 21.2539005279541, 21.365936040878296, 21.031747341156006, 21.819892168045044, 19.320546865463257, 21.493001461029053, 21.42359972000122, 21.032973527908325, 21.2682683467865, 21.5022292137146, 21.341208457946777, 21.657723665237427, 21.178890228271484]