training_time: 2052.9411573410034
epoch_times: [113.48682522773743, 113.35238146781921, 109.96973013877869, 110.6060528755188, 110.15755128860474, 109.38839888572693, 106.56586003303528, 106.1720130443573, 105.51222395896912, 100.92482852935791, 99.01949143409729, 98.89194512367249, 95.3025233745575, 93.6028892993927, 94.95962905883789, 95.27557444572449, 101.25546431541443, 99.20184850692749, 95.06629014015198, 94.22963619232178]