training_time: 229.81798219680786
epoch_times: [11.748059511184692, 11.727983236312866, 11.766484260559082, 11.651666164398193, 11.570512533187866, 11.228691816329956, 11.382780075073242, 11.65881085395813, 12.169354438781738, 11.587019443511963, 11.230913639068604, 11.590538263320923, 11.220928430557251, 11.303667545318604, 11.15558123588562, 11.544833183288574, 11.316338777542114, 11.119762659072876, 11.292127847671509, 11.551928281784058]