training_time: 2063.103705406189
epoch_times: [101.32807421684265, 103.6819052696228, 103.34531545639038, 102.43384766578674, 100.73817110061646, 100.901620388031, 100.42230558395386, 99.14486813545227, 104.8744330406189, 110.76353049278259, 111.00871253013611, 108.58538460731506, 102.14494919776917, 102.31043934822083, 102.39813780784607, 101.7274181842804, 102.20320057868958, 101.51564478874207, 100.65018272399902, 102.92556428909302]