training_time: 184.02593445777893
epoch_times: [9.466330528259277, 9.23099684715271, 9.267258882522583, 9.15956711769104, 8.948326826095581, 9.23925256729126, 9.252917528152466, 9.317248582839966, 9.31497859954834, 9.225143909454346, 9.242215871810913, 8.919837474822998, 9.00912880897522, 9.260338544845581, 9.36194396018982, 9.307330846786499, 9.270171165466309, 9.254067182540894, 8.989936590194702, 8.988942623138428]