training_time: 179.8672125339508
epoch_times: [8.873894691467285, 9.019880771636963, 9.02962040901184, 9.019115686416626, 9.009336948394775, 9.008306741714478, 8.997853994369507, 8.867709159851074, 9.012785196304321, 9.028825998306274, 8.992599248886108, 9.014042139053345, 9.03537368774414, 9.128679513931274, 8.873945474624634, 8.949149370193481, 8.983187913894653, 9.014601469039917, 9.006872653961182, 9.001431465148926]