training_time: 492.92421531677246
epoch_times: [24.247812509536743, 24.21182918548584, 24.088659048080444, 24.333534717559814, 24.22657585144043, 24.127641201019287, 23.778926134109497, 23.538861989974976, 24.023749113082886, 25.182347774505615, 25.067916870117188, 24.398181438446045, 24.84263324737549, 24.93787956237793, 24.662292957305908, 25.77536129951477, 26.070003271102905, 25.484766483306885, 24.795977115631104, 25.129265546798706]