training_time: 509.50546002388
epoch_times: [25.618449449539185, 24.848570585250854, 25.50466012954712, 24.87424612045288, 24.903520822525024, 25.732235193252563, 25.014881134033203, 25.233628273010254, 25.894091606140137, 24.932844161987305, 25.177468061447144, 25.933045387268066, 25.52471661567688, 25.382939100265503, 26.87545394897461, 25.691498041152954, 25.480621576309204, 26.071202993392944, 25.066765785217285, 25.74462103843689]