training_time: 100.68646717071533
epoch_times: [5.279203176498413, 4.979914426803589, 5.012575626373291, 4.990943193435669, 5.081875801086426, 5.014631032943726, 4.980837345123291, 5.00394082069397, 4.982393503189087, 5.002073526382446, 4.9865334033966064, 5.243117094039917, 5.00840950012207, 5.0207200050354, 5.026395320892334, 4.966033458709717, 4.960769176483154, 4.987786054611206, 5.137633562088013, 5.020681142807007]