training_time: 22.320402145385742
epoch_times: [1.134268045425415, 1.1062631607055664, 1.1155447959899902, 1.1037328243255615, 1.1243131160736084, 1.120274305343628, 1.1259217262268066, 1.1248540878295898, 1.122347116470337, 1.100738525390625, 1.1230018138885498, 1.1012232303619385, 1.123542308807373, 1.1201341152191162, 1.1063358783721924, 1.1020879745483398, 1.105440378189087, 1.1210906505584717, 1.117652177810669, 1.121635913848877]