training_time: 20.945507287979126
epoch_times: [1.069556474685669, 1.0583064556121826, 1.0223824977874756, 1.056199073791504, 1.062488079071045, 1.0551002025604248, 1.0287649631500244, 1.0388569831848145, 1.0452008247375488, 1.0348162651062012, 1.0377681255340576, 1.0363726615905762, 1.036534070968628, 1.0409150123596191, 1.0275826454162598, 1.0796716213226318, 1.0424485206604004, 1.0554187297821045, 1.0666120052337646, 1.0505120754241943]