training_time: 113.93922901153564
epoch_times: [5.748397350311279, 5.76295804977417, 5.755596160888672, 5.650587558746338, 5.7091357707977295, 5.736313581466675, 5.731493234634399, 5.738396406173706, 5.693162202835083, 5.585676193237305, 5.584997177124023, 5.621495962142944, 5.69844913482666, 5.718664646148682, 5.7236645221710205, 5.724958419799805, 5.853419303894043, 5.561575174331665, 5.7802345752716064, 5.560053586959839]