training_time: 1798.3341960906982
epoch_times: [90.91918897628784, 90.76629090309143, 90.8620069026947, 90.76297211647034, 89.96630358695984, 90.00614380836487, 90.01939964294434, 89.63342308998108, 89.65493416786194, 89.5627748966217, 89.66131234169006, 89.64348149299622, 89.62815999984741, 89.52022886276245, 89.60189485549927, 89.6473982334137, 89.66225790977478, 89.60324478149414, 89.5978364944458, 89.61494302749634]