training_time: 22.184558868408203
epoch_times: [1.5803866386413574, 1.0253684520721436, 1.0193195343017578, 1.0946245193481445, 1.2247262001037598, 1.0186820030212402, 1.2394804954528809, 1.0263299942016602, 1.0876593589782715, 1.0226330757141113, 1.0374104976654053, 1.0163688659667969, 1.0096724033355713, 1.2594404220581055, 1.2432100772857666, 1.0186095237731934, 1.015113115310669, 1.0757036209106445, 1.018409013748169, 1.1514110565185547]