training_time: 182.09248399734497
epoch_times: [8.958353996276855, 9.086784839630127, 9.106379747390747, 9.090521574020386, 9.069908618927002, 9.105237007141113, 9.093352556228638, 8.928770542144775, 8.971082925796509, 9.381958723068237, 9.33721661567688, 9.241662502288818, 9.242664813995361, 9.163973093032837, 9.01473069190979, 8.968569278717041, 9.094241380691528, 9.077956676483154, 9.071443557739258, 9.087674856185913]