training_time: 531.8817341327667
epoch_times: [27.05955696105957, 26.670361280441284, 26.941179037094116, 26.165805101394653, 27.720520973205566, 27.165101528167725, 26.409452438354492, 25.706332683563232, 26.96896004676819, 26.472341299057007, 25.944499015808105, 25.796520471572876, 26.43468999862671, 25.84854531288147, 27.115396976470947, 26.41214942932129, 29.7766592502594, 27.33665704727173, 25.463525772094727, 24.473479509353638]