training_time: 2008.956647157669
epoch_times: [100.128009557724, 100.85788440704346, 100.41015934944153, 100.5990571975708, 100.15774011611938, 100.15006303787231, 99.77014183998108, 101.76899671554565, 100.88974165916443, 100.86232852935791, 100.03718686103821, 101.26095914840698, 100.444904088974, 100.55705571174622, 100.5403344631195, 100.23225355148315, 99.98753333091736, 100.47734880447388, 99.90280961990356, 99.92213916778564]