training_time: 420.69578886032104
epoch_times: [22.546983242034912, 21.391002655029297, 21.21451759338379, 20.811654329299927, 20.933997869491577, 20.92501735687256, 21.04429817199707, 21.28248643875122, 20.983392000198364, 21.042906045913696, 21.07864260673523, 19.11685037612915, 21.511460781097412, 21.173707008361816, 20.506420850753784, 21.24382734298706, 20.946032762527466, 21.11635160446167, 20.868910551071167, 20.957329273223877]