training_time: 513.6730213165283
epoch_times: [26.7788405418396, 26.677931308746338, 26.524452924728394, 26.63734483718872, 26.04738736152649, 25.632356882095337, 25.769435167312622, 25.639248609542847, 25.87290382385254, 26.01308250427246, 25.956663370132446, 25.515679597854614, 25.84419870376587, 25.82318639755249, 24.53631901741028, 24.009571075439453, 24.681859016418457, 24.95210552215576, 25.366729497909546, 25.393725156784058]