training_time: 200.21949458122253
epoch_times: [9.880538940429688, 10.949491024017334, 9.96572470664978, 9.536516666412354, 9.964956998825073, 11.023627996444702, 9.760646343231201, 9.7576904296875, 10.281742572784424, 10.770427942276001, 9.52171802520752, 9.792974948883057, 11.047613382339478, 9.500032186508179, 9.631091833114624, 9.691384315490723, 10.047587633132935, 9.40667200088501, 10.16866421699524, 9.520392417907715]