training_time: 505.3953926563263
epoch_times: [23.99146819114685, 23.85502815246582, 23.712549448013306, 23.834103107452393, 26.32700490951538, 25.154035806655884, 25.4654061794281, 26.359349966049194, 25.87365484237671, 24.40705156326294, 24.928237915039062, 25.503087043762207, 25.432430505752563, 26.56645655632019, 25.903762102127075, 25.297805786132812, 25.225423097610474, 25.593207359313965, 26.067394971847534, 25.897935152053833]