training_time: 2572.680124282837
epoch_times: [131.7131426334381, 129.4874129295349, 133.50433111190796, 129.41659331321716, 131.9104561805725, 130.8912811279297, 126.22064805030823, 123.75664210319519, 125.17253375053406, 123.58864545822144, 126.8885703086853, 126.35699248313904, 128.90119171142578, 129.61743068695068, 132.04403018951416, 132.3000304698944, 132.90355491638184, 128.1233196258545, 127.20282459259033, 122.68049263954163]