training_time: 1994.0489299297333
epoch_times: [100.0496277809143, 99.81631565093994, 99.76121258735657, 99.83150124549866, 99.73330068588257, 99.65163683891296, 99.57671189308167, 99.67113041877747, 99.88166451454163, 99.30173778533936, 99.87132501602173, 99.72683453559875, 99.63696646690369, 99.49665999412537, 99.87883877754211, 99.77767634391785, 99.69166851043701, 99.72259378433228, 99.48946213722229, 99.48206496238708]