training_time: 121.16861605644226
epoch_times: [6.14696741104126, 6.116203784942627, 6.045508861541748, 6.078035593032837, 5.996767520904541, 5.945537090301514, 5.9606032371521, 5.948027849197388, 6.001776695251465, 6.040767669677734, 6.105063438415527, 6.06293511390686, 6.10155725479126, 6.0982444286346436, 6.0751564502716064, 6.0978710651397705, 6.1086037158966064, 6.067098140716553, 6.0947771072387695, 6.077113628387451]