training_time: 29.344513654708862
epoch_times: [1.4998271465301514, 1.4337129592895508, 1.4446167945861816, 1.4347968101501465, 1.4124407768249512, 1.4667918682098389, 1.4803876876831055, 1.4205689430236816, 1.4786896705627441, 1.4976062774658203, 1.4932870864868164, 1.5989584922790527, 1.427541732788086, 1.5278265476226807, 1.4397478103637695, 1.4374914169311523, 1.4527840614318848, 1.424166202545166, 1.5138909816741943, 1.4593803882598877]