training_time: 441.3521156311035
epoch_times: [22.02506399154663, 21.16336417198181, 21.55386519432068, 21.650659799575806, 23.504082441329956, 22.885865688323975, 22.014176607131958, 20.98453640937805, 21.131141424179077, 21.647520303726196, 21.543527603149414, 22.141823053359985, 23.046468496322632, 23.080492734909058, 21.19780421257019, 21.99329113960266, 22.076270818710327, 22.346471548080444, 22.336498498916626, 23.029191493988037]