training_time: 1798.086725473404
epoch_times: [89.78082013130188, 89.86822009086609, 90.05572891235352, 90.26499342918396, 90.01612448692322, 90.08825659751892, 90.18764925003052, 90.54898476600647, 89.96326541900635, 90.44640755653381, 90.08896803855896, 89.83751726150513, 89.75899577140808, 89.84256339073181, 89.42833161354065, 89.64234519004822, 89.44757556915283, 89.87253785133362, 89.4337739944458, 89.5136661529541]