training_time: 22.343133687973022
epoch_times: [1.1241748332977295, 1.075495719909668, 1.1607964038848877, 1.1374423503875732, 1.158362865447998, 1.1687676906585693, 1.0122413635253906, 1.0534377098083496, 1.1523091793060303, 1.146378755569458, 1.157508134841919, 1.1589272022247314, 1.0024876594543457, 1.0167055130004883, 1.1626832485198975, 1.1675503253936768, 1.1380970478057861, 1.1557111740112305, 1.1069972515106201, 1.0870592594146729]