training_time: 2844.011925458908
epoch_times: [141.7726593017578, 141.86209201812744, 141.93365788459778, 142.25395941734314, 142.06765127182007, 141.90358424186707, 142.01981234550476, 142.06886076927185, 141.85771703720093, 142.05596494674683, 142.20202445983887, 142.4308762550354, 142.12044477462769, 145.4032015800476, 142.27220034599304, 142.15442323684692, 141.98407411575317, 141.87655591964722, 141.91388249397278, 141.85828304290771]