training_time: 436.1438271999359
epoch_times: [22.410157918930054, 21.831547021865845, 21.551217079162598, 21.869587421417236, 22.829363107681274, 22.65091848373413, 21.445549964904785, 20.613925218582153, 20.747068881988525, 21.50554919242859, 22.684281826019287, 22.425110578536987, 21.060029983520508, 21.669214010238647, 21.86854100227356, 21.208847999572754, 23.00322461128235, 22.605561017990112, 21.28378939628601, 20.880342483520508]