training_time: 231.54569172859192
epoch_times: [11.785711526870728, 11.886631965637207, 11.103968143463135, 11.525112390518188, 11.829374313354492, 11.138871431350708, 11.693596839904785, 11.669719696044922, 11.12741470336914, 11.850689172744751, 11.61128544807434, 12.214892387390137, 11.477358102798462, 11.328084468841553, 11.360241651535034, 11.374567031860352, 11.718953609466553, 11.56251311302185, 11.43847918510437, 11.848226547241211]