training_time: 437.7247951030731
epoch_times: [23.0801784992218, 22.30285620689392, 21.825586080551147, 21.766545295715332, 21.868685007095337, 22.561843872070312, 22.555450916290283, 22.296635389328003, 21.75198531150818, 22.054503440856934, 21.664254665374756, 22.025567770004272, 21.012732982635498, 19.675753355026245, 22.3169264793396, 21.296110153198242, 21.781584978103638, 21.82466959953308, 22.005264282226562, 22.057660818099976]