training_time: 202.97477746009827
epoch_times: [9.190552711486816, 10.047783613204956, 9.155308485031128, 10.05549693107605, 10.742114067077637, 10.095074892044067, 9.511283874511719, 10.0812668800354, 11.184595108032227, 10.081550121307373, 10.12568974494934, 10.384403228759766, 10.59432315826416, 9.866984844207764, 10.010724067687988, 11.264415979385376, 9.761124849319458, 9.491079568862915, 10.16939640045166, 11.161608934402466]