training_time: 1755.9771733283997
epoch_times: [87.76131272315979, 87.74050951004028, 87.79865503311157, 87.97230267524719, 87.67195248603821, 87.81433081626892, 87.64501404762268, 87.52693581581116, 87.59198999404907, 87.62328863143921, 87.57153129577637, 87.52676796913147, 87.71820092201233, 87.89841866493225, 87.81531810760498, 87.80623054504395, 87.88386821746826, 87.89920806884766, 87.899329662323, 88.81200814247131]