training_time: 200.13760447502136
epoch_times: [10.118765830993652, 10.08955693244934, 10.10768723487854, 9.998977422714233, 9.95849323272705, 9.898814678192139, 9.949984312057495, 10.016213655471802, 9.880838871002197, 9.87437891960144, 10.009567737579346, 10.086506128311157, 10.150484800338745, 10.017146348953247, 9.888132810592651, 9.968695878982544, 9.965887784957886, 10.156820297241211, 10.01468276977539, 9.985968828201294]