training_time: 20.716388463974
epoch_times: [1.3477795124053955, 1.0152721405029297, 1.0174994468688965, 1.014014720916748, 1.0164291858673096, 1.0208430290222168, 1.021223783493042, 1.0197818279266357, 1.0191593170166016, 1.0183994770050049, 1.015669822692871, 1.0281751155853271, 1.0351672172546387, 1.0136325359344482, 1.0076923370361328, 1.0213665962219238, 1.0211429595947266, 1.024986743927002, 1.0191986560821533, 1.0189540386199951]