training_time: 435.559152841568
epoch_times: [21.300373792648315, 22.890586137771606, 22.027264833450317, 21.851979970932007, 21.936002492904663, 21.809019327163696, 22.40688395500183, 22.6827712059021, 21.2791109085083, 21.371865272521973, 21.422704458236694, 21.388992071151733, 19.704378366470337, 22.114185094833374, 22.10464119911194, 22.86276626586914, 21.519633531570435, 21.29560375213623, 21.661551475524902, 21.9288387298584]