training_time: 231.63024735450745
epoch_times: [11.750504493713379, 11.280897855758667, 11.71755075454712, 11.762510776519775, 11.19083547592163, 11.766416788101196, 11.19374132156372, 11.252784729003906, 11.289583444595337, 11.900314331054688, 11.817953824996948, 11.243383407592773, 11.753433227539062, 11.983477354049683, 11.20901083946228, 11.913808345794678, 11.795819997787476, 11.214771747589111, 11.817335367202759, 11.776113271713257]