training_time: 120.96304845809937
epoch_times: [6.1669745445251465, 6.10221004486084, 5.937301397323608, 6.070651531219482, 5.979751348495483, 5.97126579284668, 5.963377952575684, 6.084097146987915, 6.100223541259766, 6.058394193649292, 6.094191312789917, 6.075984001159668, 6.095674753189087, 6.068315267562866, 6.062627792358398, 6.039368152618408, 6.028367519378662, 6.032254219055176, 6.080610990524292, 5.951406955718994]