training_time: 444.8945257663727
epoch_times: [23.470299005508423, 22.617790699005127, 22.64465570449829, 23.236432790756226, 22.89584255218506, 23.154279470443726, 22.721276998519897, 21.87316608428955, 20.94119691848755, 21.87853980064392, 22.186917543411255, 22.143149852752686, 22.347362995147705, 21.83724331855774, 21.89105248451233, 21.5500168800354, 21.561607360839844, 21.68081784248352, 22.01012635231018, 22.252751111984253]