training_time: 22.37633490562439
epoch_times: [1.1228082180023193, 1.1213631629943848, 1.115262746810913, 1.1183550357818604, 1.1131768226623535, 1.126542091369629, 1.1240882873535156, 1.1174910068511963, 1.1300334930419922, 1.1171908378601074, 1.0980591773986816, 1.1137869358062744, 1.12272310256958, 1.12345552444458, 1.128399133682251, 1.1244699954986572, 1.1099679470062256, 1.1081573963165283, 1.1164324283599854, 1.1245715618133545]