training_time: 1897.0405580997467
epoch_times: [95.15823030471802, 94.78381490707397, 94.76704573631287, 94.91646265983582, 94.83685374259949, 94.80815243721008, 94.81712007522583, 94.78613591194153, 94.85023784637451, 94.86587905883789, 94.8087706565857, 94.7552981376648, 94.79803419113159, 94.80689907073975, 94.86520385742188, 94.89080762863159, 94.91321063041687, 94.84880328178406, 94.89804244041443, 94.86555552482605]