training_time: 2930.5127098560333
epoch_times: [147.94062089920044, 146.74684023857117, 147.92482686042786, 150.54753589630127, 145.53851461410522, 148.48475527763367, 144.82962679862976, 146.1055245399475, 146.87748908996582, 147.08308482170105, 147.47819662094116, 144.82529830932617, 146.51530575752258, 145.2776563167572, 145.18429708480835, 144.41439580917358, 146.6617295742035, 144.65602278709412, 146.3624792098999, 147.058509349823]