training_time: 59.202489137649536
epoch_times: [2.9341695308685303, 2.9310622215270996, 2.945091724395752, 3.086042881011963, 2.9777746200561523, 2.935331344604492, 2.9012646675109863, 2.9573991298675537, 2.934493064880371, 3.077453136444092, 2.9830596446990967, 2.9148879051208496, 2.952735662460327, 2.933069944381714, 2.9377048015594482, 3.0469090938568115, 2.962963581085205, 2.9127352237701416, 2.9527106285095215, 2.9256303310394287]