training_time: 434.96959376335144
epoch_times: [22.94807481765747, 22.665000915527344, 21.23806142807007, 21.244556427001953, 21.399523496627808, 21.700254201889038, 23.107204914093018, 20.133275508880615, 20.857264757156372, 21.1152663230896, 21.114826679229736, 21.829997301101685, 22.78998565673828, 22.779442071914673, 22.00575590133667, 21.215789794921875, 21.205066680908203, 21.30652952194214, 21.391176462173462, 22.92254090309143]