training_time: 440.6542224884033
epoch_times: [22.871392726898193, 22.777183771133423, 22.065988302230835, 22.0495183467865, 22.121729850769043, 21.97955870628357, 21.64160466194153, 22.450665712356567, 22.717899084091187, 22.278504848480225, 22.0379958152771, 22.39214849472046, 21.00808835029602, 20.209930419921875, 22.182594776153564, 22.24588680267334, 21.97982358932495, 21.64984941482544, 22.009365558624268, 21.984493255615234]