training_time: 89.80402612686157
epoch_times: [4.492750406265259, 4.470610618591309, 4.5019285678863525, 4.500793933868408, 4.483389616012573, 4.505762577056885, 4.527086496353149, 4.501479387283325, 4.508342742919922, 4.480702877044678, 4.458654880523682, 4.486636161804199, 4.485283851623535, 4.468398809432983, 4.490846633911133, 4.494681358337402, 4.510312557220459, 4.470767259597778, 4.459492206573486, 4.506105184555054]