training_time: 184.7752285003662
epoch_times: [9.258741617202759, 9.336880445480347, 9.300506830215454, 9.254991054534912, 8.943199157714844, 9.011218309402466, 9.33515977859497, 9.387040853500366, 9.34254503250122, 9.354551553726196, 9.306343793869019, 9.099743366241455, 8.986922979354858, 9.316606283187866, 9.266772985458374, 9.387123346328735, 9.309860706329346, 9.298567056655884, 9.261740446090698, 9.01671290397644]