training_time: 116.45012784004211
epoch_times: [5.942292213439941, 5.8078882694244385, 5.865396499633789, 5.93506932258606, 5.775564670562744, 5.657221555709839, 5.656616687774658, 5.912269115447998, 5.883340120315552, 5.853320598602295, 5.878455400466919, 5.991573333740234, 5.853822469711304, 5.819217681884766, 5.830333232879639, 5.794148206710815, 5.6434080600738525, 5.663090944290161, 5.863022089004517, 5.824077367782593]