training_time: 1780.6535515785217
epoch_times: [88.93239665031433, 88.51120901107788, 88.59088468551636, 88.78749012947083, 88.5110592842102, 89.81727981567383, 90.87811994552612, 90.94054555892944, 88.8463864326477, 89.2944028377533, 89.88419389724731, 90.0892276763916, 89.30181360244751, 88.67160034179688, 88.77877569198608, 88.6029634475708, 88.00857639312744, 88.06409239768982, 88.03580904006958, 88.1067247390747]