training_time: 199.52606511116028
epoch_times: [9.969750165939331, 9.964724063873291, 9.92088007926941, 9.935600996017456, 10.014646291732788, 9.955722093582153, 10.076133489608765, 9.996354818344116, 9.988966226577759, 10.017023086547852, 9.916367292404175, 9.908682346343994, 10.018104553222656, 9.953960657119751, 9.991231679916382, 9.97655701637268, 10.02116584777832, 10.003392934799194, 10.002151727676392, 9.894649744033813]