training_time: 199.80187010765076
epoch_times: [9.962958335876465, 9.930453300476074, 10.035263538360596, 9.97458291053772, 9.900938987731934, 10.137141942977905, 10.02152967453003, 9.994454622268677, 9.932233810424805, 10.05868124961853, 9.923428535461426, 9.924429893493652, 9.984858512878418, 9.929352283477783, 9.922468423843384, 10.062938213348389, 10.135889053344727, 10.030881643295288, 9.929072618484497, 10.010312557220459]