training_time: 102.4007568359375
epoch_times: [5.501081228256226, 5.074536323547363, 5.0332207679748535, 5.060255289077759, 5.069106340408325, 5.082793474197388, 5.0614869594573975, 5.3548290729522705, 5.051915168762207, 5.019540309906006, 5.049976348876953, 5.08384895324707, 5.0780792236328125, 5.0796287059783936, 5.2898218631744385, 5.086553573608398, 5.084980249404907, 5.104060649871826, 5.098420858383179, 5.136621475219727]