training_time: 435.1170289516449
epoch_times: [22.132835388183594, 22.35008716583252, 21.875734090805054, 21.8721706867218, 22.057018995285034, 22.159805297851562, 22.074739933013916, 21.222855806350708, 20.375946760177612, 21.28841543197632, 21.896626949310303, 21.777623891830444, 21.892793655395508, 21.811521291732788, 21.73552703857422, 22.198058605194092, 21.577811002731323, 21.558594226837158, 21.717117309570312, 21.54174542427063]