training_time: 88.88866996765137
epoch_times: [4.407333135604858, 4.442256689071655, 4.446147680282593, 4.479749917984009, 4.480981826782227, 4.455783367156982, 4.462132453918457, 4.451134920120239, 4.473443031311035, 4.4387428760528564, 4.43797492980957, 4.454588890075684, 4.4124133586883545, 4.44537091255188, 4.4211320877075195, 4.451988697052002, 4.409900188446045, 4.4445555210113525, 4.425867319107056, 4.447172164916992]