training_time: 183.67709732055664
epoch_times: [9.279475927352905, 9.313231468200684, 9.377206087112427, 9.092560291290283, 9.285783529281616, 9.129168272018433, 9.046028137207031, 9.073048114776611, 9.10407829284668, 9.16451644897461, 9.17404055595398, 9.163652420043945, 9.312033653259277, 9.088631391525269, 9.156479358673096, 9.230437994003296, 9.253374576568604, 9.17152214050293, 9.223314762115479, 9.038513898849487]