training_time: 2174.4978427886963
epoch_times: [109.26568746566772, 109.32531118392944, 109.48957133293152, 109.17685389518738, 108.93752598762512, 108.90178298950195, 109.23111510276794, 108.2714912891388, 108.44595694541931, 108.53220748901367, 108.94680285453796, 108.38819885253906, 108.41849851608276, 108.5613968372345, 108.43568801879883, 108.43347311019897, 108.4978621006012, 108.48425054550171, 108.36489224433899, 108.38927602767944]