training_time: 115.71201539039612
epoch_times: [5.903813123703003, 5.882527112960815, 5.850055932998657, 5.67034387588501, 5.6244587898254395, 5.619780540466309, 5.817965030670166, 5.788053512573242, 5.8826212882995605, 5.894261837005615, 5.8528900146484375, 5.849477767944336, 5.81447434425354, 5.787093639373779, 5.73493504524231, 5.606273174285889, 5.595515727996826, 5.881070137023926, 5.8291192054748535, 5.827285289764404]