training_time: 23.041109800338745
epoch_times: [1.2382376194000244, 1.1591613292694092, 1.157623291015625, 1.1728103160858154, 1.1679954528808594, 1.1361117362976074, 1.1506457328796387, 1.1469707489013672, 1.1469345092773438, 1.1406683921813965, 1.1363604068756104, 1.1321265697479248, 1.1544115543365479, 1.1456844806671143, 1.140953540802002, 1.1463239192962646, 1.158254861831665, 1.1529648303985596, 1.1271674633026123, 1.1297030448913574]