training_time: 21.91772961616516
epoch_times: [1.1390042304992676, 1.1347565650939941, 1.0246636867523193, 1.005706787109375, 1.1095271110534668, 1.1447060108184814, 1.1244080066680908, 1.1162190437316895, 1.0539276599884033, 1.1522886753082275, 1.0639007091522217, 1.1310136318206787, 1.0282394886016846, 1.137709379196167, 1.1354625225067139, 1.1343369483947754, 1.1398119926452637, 1.002105712890625, 0.9972269535064697, 1.142714500427246]