training_time: 226.31351137161255
epoch_times: [11.573591232299805, 11.305609703063965, 11.146331787109375, 11.386948585510254, 11.317081928253174, 11.158228635787964, 11.33719778060913, 11.520960092544556, 11.174514770507812, 11.325758934020996, 11.517277240753174, 11.216520309448242, 11.239456176757812, 11.316086292266846, 11.273161888122559, 11.193661451339722, 11.34252119064331, 11.52683401107788, 11.115924596786499, 11.325844764709473]