training_time: 434.58972907066345
epoch_times: [22.301263570785522, 22.313908338546753, 22.08123469352722, 22.152982473373413, 22.072927474975586, 21.737059116363525, 22.25296711921692, 21.30461859703064, 20.88482093811035, 21.57063341140747, 21.648252725601196, 21.469831943511963, 21.07124376296997, 21.720959186553955, 21.85672378540039, 21.640023469924927, 21.464916706085205, 21.679335832595825, 21.746530771255493, 21.619495153427124]