training_time: 17.535204648971558
epoch_times: [0.8842372894287109, 0.8769028186798096, 0.8751225471496582, 0.876187801361084, 0.8747308254241943, 0.8814992904663086, 0.8729135990142822, 0.8709187507629395, 0.8720715045928955, 0.8802201747894287, 0.8908936977386475, 0.871967077255249, 0.8728137016296387, 0.8760635852813721, 0.8762664794921875, 0.8767333030700684, 0.8802218437194824, 0.8798716068267822, 0.8732306957244873, 0.872338056564331]