training_time: 291.13995265960693
epoch_times: [14.998797416687012, 14.679307699203491, 14.414722919464111, 14.283818006515503, 14.319855690002441, 14.336687326431274, 14.344033479690552, 14.282782554626465, 14.342031002044678, 14.432758569717407, 14.450275421142578, 14.422031164169312, 14.394283056259155, 14.752329349517822, 14.768657684326172, 14.84308409690857, 14.789342164993286, 14.959480285644531, 14.874516248703003, 14.45115852355957]