training_time: 420.6158847808838
epoch_times: [20.66476273536682, 20.130021333694458, 20.263689279556274, 20.66601538658142, 20.74897313117981, 20.78294038772583, 21.002294301986694, 21.347733736038208, 20.870340824127197, 21.280742406845093, 21.1949565410614, 21.255486726760864, 21.431111335754395, 21.320695638656616, 19.980249404907227, 21.44107961654663, 22.02875256538391, 21.959972143173218, 20.82224941253662, 21.4238178730011]