training_time: 437.1038444042206
epoch_times: [24.901395082473755, 22.499120712280273, 20.944641590118408, 21.4669988155365, 22.067835330963135, 21.508997678756714, 23.080649614334106, 20.90568709373474, 22.81324791908264, 21.105860471725464, 21.63909602165222, 21.59969139099121, 21.347226858139038, 22.12413191795349, 22.87804126739502, 20.715803861618042, 21.327234029769897, 21.488186836242676, 21.65219020843506, 21.03780770301819]