training_time: 201.1274344921112
epoch_times: [10.103015422821045, 9.982258796691895, 9.987253665924072, 9.9524986743927, 10.092299938201904, 10.060883522033691, 9.984888315200806, 9.955247640609741, 9.960246324539185, 9.970555543899536, 9.971345663070679, 9.945096731185913, 9.944326162338257, 9.954596757888794, 9.980070114135742, 9.986622095108032, 10.058979988098145, 10.43842077255249, 10.443967819213867, 10.354860544204712]