training_time: 434.8730983734131
epoch_times: [22.268895149230957, 22.25071144104004, 21.92855453491211, 22.229478359222412, 22.168887615203857, 21.692106008529663, 20.99957036972046, 21.771784782409668, 22.35419726371765, 22.026034593582153, 21.97336196899414, 22.154075145721436, 20.95272445678711, 19.986526489257812, 21.371941804885864, 21.760756969451904, 21.59999132156372, 21.522889375686646, 21.77601456642151, 22.084596157073975]