training_time: 202.39127159118652
epoch_times: [10.174333572387695, 10.219082355499268, 10.01830267906189, 10.17396879196167, 10.127121925354004, 10.181180000305176, 10.061092138290405, 10.043758392333984, 10.155790328979492, 10.09994912147522, 10.241304397583008, 10.243682861328125, 10.102403402328491, 10.207676649093628, 10.189196825027466, 10.207450866699219, 10.034127473831177, 9.990192890167236, 9.970979452133179, 9.949677467346191]