training_time: 87.70714354515076
epoch_times: [4.402220010757446, 4.3964011669158936, 4.392213344573975, 4.385143518447876, 4.377448320388794, 4.37834095954895, 4.386082172393799, 4.3826000690460205, 4.374913930892944, 4.3831787109375, 4.390876293182373, 4.389366626739502, 4.387532949447632, 4.375972032546997, 4.381366491317749, 4.389492988586426, 4.39079213142395, 4.382583141326904, 4.377511262893677, 4.383107423782349]