training_time: 3033.4976336956024
epoch_times: [152.1096487045288, 149.5100646018982, 152.54051733016968, 150.42489218711853, 152.3182201385498, 147.91459584236145, 151.90398383140564, 150.62938809394836, 151.9886462688446, 151.7876353263855, 149.96232795715332, 151.40988278388977, 148.72604846954346, 151.3867211341858, 149.2546467781067, 151.68325877189636, 147.24005031585693, 157.1079671382904, 158.0172164440155, 157.5819215774536]