training_time: 22.13754439353943
epoch_times: [1.1202261447906494, 1.0853159427642822, 1.1080844402313232, 1.1143333911895752, 1.1195554733276367, 1.111271858215332, 1.1146304607391357, 1.11216139793396, 1.0959680080413818, 1.099341869354248, 1.109342336654663, 1.0977532863616943, 1.1095573902130127, 1.1063337326049805, 1.0995314121246338, 1.109485149383545, 1.10703706741333, 1.1121175289154053, 1.1063072681427002, 1.0991902351379395]