training_time: 433.41219997406006
epoch_times: [23.188732385635376, 22.916162729263306, 21.541966199874878, 21.38368844985962, 22.04485273361206, 21.39496684074402, 21.637691497802734, 19.968770742416382, 22.094692707061768, 21.36166286468506, 20.870504140853882, 21.756372928619385, 21.15830945968628, 21.789814710617065, 22.72484803199768, 21.757956743240356, 21.575204610824585, 21.517770051956177, 21.35965585708618, 21.368576288223267]