training_time: 56.295599699020386
epoch_times: [2.8212902545928955, 2.8096892833709717, 2.8111073970794678, 2.8119406700134277, 2.816230058670044, 2.812323570251465, 2.822052240371704, 2.8201699256896973, 2.813671588897705, 2.8107028007507324, 2.8071775436401367, 2.813055992126465, 2.823707342147827, 2.8183419704437256, 2.8145816326141357, 2.820951461791992, 2.800269842147827, 2.8121628761291504, 2.811924695968628, 2.8242485523223877]