training_time: 151.27621126174927
epoch_times: [7.678153991699219, 7.6261725425720215, 7.4933576583862305, 7.641963720321655, 7.755792140960693, 7.777181148529053, 7.740325927734375, 7.452871322631836, 7.435576915740967, 7.469224691390991, 7.426980495452881, 7.509346008300781, 7.547715425491333, 7.550240516662598, 7.5342817306518555, 7.554935693740845, 7.544577598571777, 7.528013229370117, 7.550256252288818, 7.459244251251221]