training_time: 494.4553191661835
epoch_times: [24.31640648841858, 23.73719048500061, 24.034799575805664, 24.270414352416992, 24.152523040771484, 24.230870246887207, 23.936193227767944, 23.671908617019653, 23.60965323448181, 23.99931812286377, 24.51712417602539, 25.516575813293457, 25.960288286209106, 25.514485359191895, 25.20406413078308, 25.327321767807007, 25.48047184944153, 25.968334913253784, 26.00537896156311, 25.001996517181396]