training_time: 1070.022212266922
epoch_times: [53.763530254364014, 53.48831915855408, 53.394622802734375, 53.36953687667847, 53.34713053703308, 53.615787982940674, 53.93172478675842, 53.50012922286987, 53.36426568031311, 53.51267099380493, 53.6024854183197, 53.623170137405396, 53.46663761138916, 54.18162822723389, 53.40112042427063, 53.388468503952026, 53.28102731704712, 53.23905539512634, 53.22790551185608, 53.32299542427063]