training_time: 22.83946704864502
epoch_times: [1.3705790042877197, 1.1108441352844238, 1.0508835315704346, 1.0500786304473877, 1.1249191761016846, 1.045269250869751, 1.256695032119751, 1.04624605178833, 1.2667248249053955, 1.043041706085205, 1.2636356353759766, 1.12404465675354, 1.0485317707061768, 1.0499045848846436, 1.052774429321289, 1.0519311428070068, 1.2710254192352295, 1.0483179092407227, 1.2820765972137451, 1.2819435596466064]