training_time: 432.83160305023193
epoch_times: [23.723276615142822, 22.051300287246704, 21.926607608795166, 21.581905841827393, 21.089221477508545, 21.41137409210205, 21.412088871002197, 21.55827045440674, 21.71782922744751, 21.55519938468933, 21.87717294692993, 22.19631290435791, 19.729756593704224, 20.71224284172058, 20.957581520080566, 21.3106050491333, 21.51603412628174, 21.608665704727173, 22.117632389068604, 22.77852511405945]