training_time: 431.90875220298767
epoch_times: [21.739705085754395, 21.463096141815186, 21.742839336395264, 21.58642578125, 21.823635578155518, 22.311771392822266, 22.25039839744568, 21.135640144348145, 20.259476900100708, 21.10747241973877, 21.33286213874817, 21.765427112579346, 21.472522020339966, 21.934269189834595, 21.962124347686768, 21.60085368156433, 21.867202281951904, 21.53485608100891, 21.477736473083496, 21.540437698364258]