training_time: 229.8709180355072
epoch_times: [11.367773294448853, 11.214789867401123, 11.219626426696777, 11.16963791847229, 11.178256511688232, 11.62091326713562, 11.573361873626709, 11.429756879806519, 12.11299467086792, 11.642457485198975, 11.437063455581665, 11.618011713027954, 11.261840581893921, 11.608553647994995, 11.848100423812866, 11.145782947540283, 11.664571285247803, 11.833880424499512, 11.135134935379028, 11.788410425186157]