training_time: 59.49826240539551
epoch_times: [3.2975199222564697, 2.9533119201660156, 2.959320545196533, 2.971275806427002, 2.921607494354248, 2.905324935913086, 3.1213719844818115, 2.8930914402008057, 2.887122392654419, 2.9081079959869385, 2.898144245147705, 2.9151408672332764, 3.1250312328338623, 2.954533576965332, 2.9201135635375977, 2.922706127166748, 2.9420979022979736, 2.9306187629699707, 3.16855788230896, 2.903263807296753]