training_time: 292.88791966438293
epoch_times: [14.760795831680298, 14.801523208618164, 14.944589376449585, 14.55075979232788, 14.501213312149048, 14.508501529693604, 14.739805936813354, 15.267237424850464, 14.835360765457153, 14.580609798431396, 14.663945436477661, 14.670618295669556, 14.432918310165405, 14.55617070198059, 14.536226272583008, 14.426268577575684, 14.52546763420105, 14.54028606414795, 14.517959594726562, 14.527661800384521]