training_time: 437.0240230560303
epoch_times: [23.909895420074463, 22.36061120033264, 22.3184335231781, 21.255590438842773, 21.490259408950806, 21.191378831863403, 21.533664226531982, 21.739119291305542, 21.901188611984253, 22.30356216430664, 22.163004398345947, 22.82617950439453, 19.972320318222046, 20.690773487091064, 21.536970138549805, 21.74234104156494, 21.598562717437744, 22.496963262557983, 21.927573442459106, 22.0656316280365]