training_time: 30.96361017227173
epoch_times: [1.5475842952728271, 1.6128246784210205, 1.5353703498840332, 1.5078983306884766, 1.5197813510894775, 1.6026477813720703, 1.4709675312042236, 1.4599897861480713, 1.5099196434020996, 1.5961697101593018, 1.555994987487793, 1.5583553314208984, 1.5936498641967773, 1.500568151473999, 1.581021785736084, 1.595273733139038, 1.509355068206787, 1.5301487445831299, 1.5863494873046875, 1.5897395610809326]