training_time: 19.892240047454834
epoch_times: [1.0007874965667725, 0.9931755065917969, 0.9917609691619873, 0.991096019744873, 0.9892044067382812, 1.0000171661376953, 0.9943704605102539, 0.989771842956543, 0.9924914836883545, 0.9964396953582764, 0.9867820739746094, 0.9896035194396973, 0.9924075603485107, 0.9976658821105957, 0.9964711666107178, 0.9932382106781006, 0.9968147277832031, 1.00057053565979, 0.9915165901184082, 1.0080547332763672]