training_time: 99.851642370224
epoch_times: [4.94932222366333, 4.973172426223755, 5.154507160186768, 4.965618371963501, 5.03950572013855, 4.920354843139648, 4.983813762664795, 5.095314025878906, 4.954529523849487, 5.111541271209717, 4.957360506057739, 4.905842542648315, 4.939672231674194, 4.925615072250366, 4.895172834396362, 4.933445692062378, 4.890817880630493, 5.036134243011475, 5.017628908157349, 5.20227313041687]