training_time: 2284.9204573631287
epoch_times: [113.75914359092712, 113.15484619140625, 114.3278226852417, 113.87716341018677, 113.44676351547241, 112.836266040802, 114.936514377594, 113.37689280509949, 114.72793936729431, 114.42280554771423, 113.84112977981567, 114.31705021858215, 115.20603084564209, 114.80059504508972, 115.30643725395203, 115.63845133781433, 113.08853054046631, 114.61432409286499, 114.04276728630066, 115.19898343086243]