training_time: 147.38542938232422
epoch_times: [7.6461334228515625, 7.429893970489502, 7.084481477737427, 7.574486970901489, 7.624216556549072, 7.089265584945679, 7.4973766803741455, 7.131405591964722, 7.082696199417114, 7.0974109172821045, 7.0948731899261475, 7.597394943237305, 7.631277799606323, 7.103211402893066, 7.565690279006958, 7.680195093154907, 7.105607509613037, 7.5799524784088135, 7.685712575912476, 7.084146738052368]