training_time: 56.21953344345093
epoch_times: [2.85500168800354, 2.795764923095703, 2.8114917278289795, 2.815730333328247, 2.817636251449585, 2.8129351139068604, 2.8239047527313232, 2.8038713932037354, 2.7944717407226562, 2.802534818649292, 2.8111414909362793, 2.814154624938965, 2.8046741485595703, 2.8239550590515137, 2.8058419227600098, 2.7959585189819336, 2.8105270862579346, 2.8049957752227783, 2.8106086254119873, 2.804333448410034]