training_time: 19.721539735794067
epoch_times: [0.9884021282196045, 0.9814622402191162, 0.9832227230072021, 0.9847185611724854, 0.9785809516906738, 0.9796123504638672, 0.9899952411651611, 0.9813046455383301, 0.9851112365722656, 0.9818117618560791, 0.9820914268493652, 0.9894182682037354, 0.9877734184265137, 0.9888217449188232, 0.9920477867126465, 0.9912090301513672, 0.9845616817474365, 0.9883968830108643, 1.000678300857544, 0.9823193550109863]