training_time: 432.3872253894806
epoch_times: [21.40868091583252, 20.703649282455444, 20.56060767173767, 21.04086923599243, 21.741772890090942, 22.903785228729248, 22.179529428482056, 20.111935138702393, 20.20724129676819, 20.725655794143677, 21.148033142089844, 21.679889917373657, 23.660785913467407, 22.742931365966797, 21.154730558395386, 21.61187767982483, 21.652946710586548, 21.56034564971924, 22.42098116874695, 23.170976400375366]