training_time: 87.76425457000732
epoch_times: [4.403472423553467, 4.399282932281494, 4.3890626430511475, 4.378193378448486, 4.388871669769287, 4.391539812088013, 4.382205963134766, 4.375035285949707, 4.383837699890137, 4.393855094909668, 4.381527423858643, 4.384992837905884, 4.393154859542847, 4.400758266448975, 4.380708932876587, 4.383361101150513, 4.394768953323364, 4.392095565795898, 4.381267309188843, 4.3862624168396]