training_time: 1346.4352996349335
epoch_times: [69.78694438934326, 67.82331418991089, 69.8056013584137, 69.17944025993347, 70.05728125572205, 70.11268591880798, 68.77908730506897, 67.16199564933777, 68.09856629371643, 70.54137754440308, 69.28041052818298, 69.69308829307556, 69.0512752532959, 68.10026550292969, 69.96475052833557, 66.98714923858643, 61.128864765167236, 59.45250749588013, 59.3855996131897, 62.04509425163269]