training_time: 443.8106598854065
epoch_times: [24.76899266242981, 23.05115580558777, 21.545682430267334, 22.053098440170288, 21.823444366455078, 21.596696615219116, 21.983285665512085, 20.588191032409668, 23.033663749694824, 21.213922262191772, 21.63666796684265, 21.668582439422607, 22.018779754638672, 22.689595222473145, 22.396963834762573, 23.775691270828247, 22.023378610610962, 21.4930477142334, 22.071566104888916, 22.378253936767578]