training_time: 165.9815969467163
epoch_times: [8.415734052658081, 8.54991602897644, 8.356041431427002, 8.170947551727295, 8.278978109359741, 8.460135221481323, 8.147269010543823, 8.279969930648804, 8.37406611442566, 8.148588180541992, 8.216463327407837, 8.551286220550537, 8.348637580871582, 8.091440677642822, 8.307944774627686, 8.247396469116211, 8.383617401123047, 8.239869117736816, 8.1912362575531, 8.222059488296509]