training_time: 22.71258783340454
epoch_times: [1.1575617790222168, 1.1287546157836914, 1.1481330394744873, 1.1260459423065186, 1.132070541381836, 1.1302270889282227, 1.1436834335327148, 1.157377004623413, 1.1542296409606934, 1.1434123516082764, 1.1329314708709717, 1.1181483268737793, 1.1217539310455322, 1.131706714630127, 1.1212306022644043, 1.1233582496643066, 1.122406244277954, 1.1507678031921387, 1.1464624404907227, 1.1223266124725342]