training_time: 225.26271891593933
epoch_times: [11.044748783111572, 11.050817489624023, 11.159368515014648, 11.1901376247406, 11.17526626586914, 11.148242950439453, 11.281745195388794, 11.247851610183716, 11.142514944076538, 11.293796062469482, 11.235733032226562, 11.060471296310425, 11.236109972000122, 11.265742778778076, 11.051718473434448, 11.270411491394043, 11.740087032318115, 11.56116008758545, 11.508056402206421, 11.5987389087677]