training_time: 148.8226306438446
epoch_times: [7.4468536376953125, 7.422635793685913, 7.44181752204895, 7.442050933837891, 7.423854827880859, 7.422845363616943, 7.428470611572266, 7.431649446487427, 7.445192575454712, 7.435875654220581, 7.438206672668457, 7.430681943893433, 7.432431697845459, 7.4336981773376465, 7.47465443611145, 7.640885591506958, 7.62381649017334, 7.418411731719971, 7.3058717250823975, 7.282725811004639]