training_time: 1977.7076995372772
epoch_times: [99.17194080352783, 98.35177564620972, 100.12319135665894, 99.37852358818054, 99.01783680915833, 98.42582726478577, 99.11510396003723, 99.07584166526794, 99.56122279167175, 98.03610038757324, 99.8358199596405, 99.3961706161499, 99.52800107002258, 99.34684348106384, 98.75848865509033, 98.64141058921814, 99.28034949302673, 98.25884866714478, 97.15082359313965, 97.25357913970947]