training_time: 150.53200888633728
epoch_times: [7.578297138214111, 7.553436040878296, 7.548579931259155, 7.558796644210815, 7.545302391052246, 7.549189329147339, 7.558940172195435, 7.641385078430176, 7.566832065582275, 7.563777685165405, 7.557759523391724, 7.8025758266448975, 7.564992427825928, 7.569604873657227, 7.570603132247925, 7.74695086479187, 7.280547142028809, 7.304039239883423, 7.234730005264282, 7.235669374465942]