training_time: 113.4170036315918
epoch_times: [5.651799917221069, 5.609947443008423, 5.619946479797363, 5.629498243331909, 5.650932550430298, 5.617969036102295, 5.619601249694824, 5.645498514175415, 5.6299591064453125, 5.614901065826416, 6.004281997680664, 5.631042242050171, 5.695825099945068, 5.653459787368774, 5.662519693374634, 5.685143947601318, 5.6432623863220215, 5.72409200668335, 5.67498517036438, 5.752337694168091]