training_time: 102.18158960342407
epoch_times: [5.076625347137451, 5.06261682510376, 5.313279628753662, 5.073025226593018, 5.076789617538452, 5.062320709228516, 5.07104754447937, 5.3081231117248535, 5.0738794803619385, 5.071170330047607, 5.0659706592559814, 5.041872262954712, 5.340656757354736, 5.065534353256226, 5.050890922546387, 5.064419984817505, 5.019564867019653, 5.285961151123047, 5.042589902877808, 5.01525092124939]