training_time: 29.432239532470703
epoch_times: [1.474865436553955, 1.4457380771636963, 1.4672915935516357, 1.4487354755401611, 1.476081371307373, 1.4576592445373535, 1.4698264598846436, 1.4491827487945557, 1.4464755058288574, 1.4722108840942383, 1.4842469692230225, 1.4828591346740723, 1.4582562446594238, 1.4402225017547607, 1.5980768203735352, 1.4758849143981934, 1.472759485244751, 1.4671471118927002, 1.4671375751495361, 1.4775819778442383]