training_time: 417.53325843811035
epoch_times: [20.976710319519043, 21.183403253555298, 21.252547025680542, 21.08572268486023, 21.43972897529602, 21.322450399398804, 21.23159670829773, 20.975444316864014, 21.087300062179565, 21.203935384750366, 20.992854595184326, 20.903455018997192, 21.121978998184204, 20.11070990562439, 19.535155534744263, 20.35753297805786, 20.63771653175354, 20.695223569869995, 20.740463733673096, 20.679328441619873]