training_time: 14.99986457824707
epoch_times: [0.758821964263916, 0.7562391757965088, 0.7486767768859863, 0.7424874305725098, 0.7597959041595459, 0.7571573257446289, 0.7465121746063232, 0.7535836696624756, 0.7513844966888428, 0.7502479553222656, 0.7575113773345947, 0.7410280704498291, 0.76523756980896, 0.7488656044006348, 0.7465784549713135, 0.7416117191314697, 0.7446787357330322, 0.7337603569030762, 0.7541577816009521, 0.7415280342102051]