training_time: 224.4406933784485
epoch_times: [11.310075521469116, 11.298308849334717, 11.12947130203247, 11.215177774429321, 11.364598035812378, 11.215421438217163, 11.231386184692383, 11.081573486328125, 11.418266773223877, 11.205676078796387, 11.022968530654907, 11.344820976257324, 11.176233291625977, 11.029887676239014, 11.240095615386963, 11.319840669631958, 11.1353280544281, 11.133953094482422, 11.374371767044067, 11.193238258361816]