training_time: 532.798134803772
epoch_times: [27.62370252609253, 26.92346978187561, 26.6951265335083, 26.251196146011353, 26.531232118606567, 27.21631956100464, 26.832179307937622, 26.360514879226685, 26.79166293144226, 26.64319372177124, 26.374212980270386, 26.641451835632324, 25.971065759658813, 27.96613383293152, 26.858425855636597, 25.77972102165222, 25.288559198379517, 27.32766032218933, 26.742926836013794, 25.979379653930664]