training_time: 54.93473792076111
epoch_times: [2.7669034004211426, 2.756537675857544, 2.7414190769195557, 2.7482094764709473, 2.7467458248138428, 2.752689838409424, 2.7581868171691895, 2.75492525100708, 2.747706651687622, 2.7508511543273926, 2.7398154735565186, 2.740232467651367, 2.743565320968628, 2.7529802322387695, 2.751781702041626, 2.752072811126709, 2.7424440383911133, 2.7347257137298584, 2.727283477783203, 2.725661516189575]