training_time: 103.70570921897888
epoch_times: [5.188079833984375, 5.100955963134766, 5.108383655548096, 5.042283296585083, 5.129233121871948, 5.196369409561157, 5.140769720077515, 5.122525691986084, 5.117455720901489, 5.443800687789917, 5.117458343505859, 5.200722932815552, 5.154317855834961, 5.403856039047241, 5.22344183921814, 5.053447723388672, 5.163496255874634, 5.441282033920288, 5.274798393249512, 5.083030700683594]