training_time: 182.29178857803345
epoch_times: [9.067746877670288, 9.141739130020142, 9.082897186279297, 9.1016263961792, 9.074931144714355, 9.098242282867432, 9.131609916687012, 8.995248794555664, 8.93648886680603, 8.967434883117676, 8.968571901321411, 9.078818559646606, 9.076324939727783, 9.298985481262207, 9.218600749969482, 9.16791319847107, 9.227354049682617, 9.250333309173584, 9.241971969604492, 9.1649489402771]