training_time: 17.753891229629517
epoch_times: [0.8903398513793945, 0.880669116973877, 0.884117603302002, 0.8828461170196533, 0.887758731842041, 0.8975117206573486, 0.9027717113494873, 0.8910670280456543, 0.8838317394256592, 0.8873088359832764, 0.8856804370880127, 0.8862407207489014, 0.8895151615142822, 0.893653154373169, 0.8801021575927734, 0.8908543586730957, 0.8870704174041748, 0.8831667900085449, 0.8808701038360596, 0.8885154724121094]