training_time: 58.64020919799805
epoch_times: [2.9063174724578857, 2.9174838066101074, 2.9535908699035645, 2.9555063247680664, 2.917839765548706, 2.9097297191619873, 2.9087932109832764, 2.903046131134033, 2.902667760848999, 2.9155006408691406, 2.9373698234558105, 2.891749143600464, 2.9309091567993164, 2.9088943004608154, 2.909559726715088, 2.904365301132202, 2.9815006256103516, 3.052086591720581, 2.9883649349212646, 2.9449338912963867]