training_time: 11.574178695678711
epoch_times: [0.5967533588409424, 0.5793972015380859, 0.580927848815918, 0.5734908580780029, 0.5776433944702148, 0.5939962863922119, 0.5834600925445557, 0.5792622566223145, 0.5741298198699951, 0.5765962600708008, 0.5777339935302734, 0.5743503570556641, 0.5812382698059082, 0.5730710029602051, 0.5765116214752197, 0.5739469528198242, 0.5725753307342529, 0.5780236721038818, 0.5761508941650391, 0.5749192237854004]