training_time: 19.03966450691223
epoch_times: [0.9722282886505127, 0.9518885612487793, 0.9498965740203857, 0.9564375877380371, 0.9580252170562744, 0.9439554214477539, 0.9511194229125977, 0.9521832466125488, 0.9541811943054199, 0.9549963474273682, 0.9381434917449951, 0.9479751586914062, 0.9457681179046631, 0.9546239376068115, 0.9519646167755127, 0.9512901306152344, 0.9430358409881592, 0.9564328193664551, 0.9523437023162842, 0.9531748294830322]