training_time: 20.56370496749878
epoch_times: [1.1900403499603271, 1.025777816772461, 1.0219180583953857, 1.015821933746338, 1.0084450244903564, 1.0306298732757568, 1.0205392837524414, 1.0141518115997314, 1.0219488143920898, 1.0269677639007568, 1.0226941108703613, 1.003833532333374, 1.0226550102233887, 1.0241177082061768, 1.0092625617980957, 1.0108354091644287, 1.0258867740631104, 1.024674415588379, 1.024132251739502, 1.0193724632263184]