training_time: 15.214052438735962
epoch_times: [0.764197826385498, 0.7677197456359863, 0.7685821056365967, 0.771435022354126, 0.7566416263580322, 0.752819299697876, 0.750823974609375, 0.7539443969726562, 0.7656893730163574, 0.7586603164672852, 0.7544548511505127, 0.7605500221252441, 0.7784726619720459, 0.7701447010040283, 0.7546584606170654, 0.7490329742431641, 0.7537167072296143, 0.7524552345275879, 0.7680649757385254, 0.7619881629943848]