training_time: 15.052161931991577
epoch_times: [0.7708761692047119, 0.7499926090240479, 0.7583250999450684, 0.7546594142913818, 0.7587175369262695, 0.7489371299743652, 0.7526006698608398, 0.749605655670166, 0.7425632476806641, 0.7469942569732666, 0.7499864101409912, 0.7664611339569092, 0.7560579776763916, 0.7562479972839355, 0.7482256889343262, 0.7322707176208496, 0.7527430057525635, 0.7392077445983887, 0.757570743560791, 0.7601187229156494]