training_time: 432.880663394928
epoch_times: [20.864686489105225, 21.38596200942993, 21.628504037857056, 21.60090661048889, 21.79459857940674, 21.69585680961609, 22.165144205093384, 22.112220525741577, 21.586790084838867, 22.042386293411255, 22.347490549087524, 22.23774766921997, 20.731127977371216, 19.703850269317627, 21.185872316360474, 21.674376249313354, 21.628984212875366, 22.39632225036621, 22.341418504714966, 21.756417751312256]