training_time: 30.17793607711792
epoch_times: [1.5243849754333496, 1.4905736446380615, 1.5110936164855957, 1.4675958156585693, 1.5087401866912842, 1.5357773303985596, 1.6058661937713623, 1.6295244693756104, 1.513127088546753, 1.4639935493469238, 1.4911205768585205, 1.482478380203247, 1.5090422630310059, 1.4741756916046143, 1.464087963104248, 1.4757556915283203, 1.4834330081939697, 1.4849331378936768, 1.5268089771270752, 1.5354235172271729]