training_time: 120.33760571479797
epoch_times: [6.088653087615967, 6.027607202529907, 6.120837450027466, 6.076398134231567, 6.042195796966553, 6.042095899581909, 6.034559488296509, 6.012758731842041, 5.940162658691406, 5.936913013458252, 5.984318494796753, 5.951993227005005, 5.951008319854736, 6.020712614059448, 6.01080584526062, 6.020987033843994, 6.05041766166687, 6.041234731674194, 6.052743434906006, 5.9312028884887695]