training_time: 1104.1490323543549
epoch_times: [54.6205997467041, 54.41260075569153, 54.38845920562744, 54.39923429489136, 56.354125022888184, 55.654592752456665, 55.50121307373047, 55.542717695236206, 55.379815101623535, 55.32168698310852, 55.47135901451111, 54.93386912345886, 54.233516693115234, 54.306451082229614, 56.15071702003479, 55.56012940406799, 55.25754189491272, 55.4732768535614, 55.61326551437378, 55.57386112213135]