training_time: 104.58128547668457
epoch_times: [5.075159311294556, 5.089355945587158, 5.094761610031128, 5.165298938751221, 5.207406759262085, 5.194871664047241, 5.159183025360107, 5.1971235275268555, 5.266302108764648, 5.538300037384033, 5.56420636177063, 5.60673713684082, 5.2366650104522705, 5.167076349258423, 5.305063009262085, 5.029229164123535, 5.209306955337524, 5.1466310024261475, 5.181195259094238, 5.147412300109863]