training_time: 118.73647737503052
epoch_times: [6.0138232707977295, 5.946570158004761, 5.9404520988464355, 5.912187576293945, 5.9542083740234375, 5.981490612030029, 5.926918029785156, 6.097589015960693, 5.963796615600586, 5.911431550979614, 5.895444869995117, 5.8805577754974365, 5.885247468948364, 5.887286901473999, 5.935238361358643, 5.900953531265259, 5.904881238937378, 5.891931056976318, 5.903339624404907, 6.003129243850708]