training_time: 120.13110136985779
epoch_times: [6.074070453643799, 6.01426362991333, 5.977644443511963, 5.963521718978882, 6.043456077575684, 6.050361394882202, 6.056708812713623, 6.006457090377808, 5.969094514846802, 5.995287895202637, 5.97048282623291, 5.941708564758301, 6.079317331314087, 6.093653440475464, 6.003988981246948, 5.9778618812561035, 5.972594738006592, 5.956440210342407, 5.964515924453735, 6.019671440124512]