training_time: 58.635193824768066
epoch_times: [2.942902088165283, 2.914752721786499, 2.9562032222747803, 2.959449529647827, 2.9270288944244385, 2.9423863887786865, 2.966140031814575, 2.91744065284729, 2.9333901405334473, 2.8937063217163086, 2.90451717376709, 2.9385993480682373, 2.967844009399414, 2.930727481842041, 2.9453940391540527, 2.906426429748535, 2.9123642444610596, 2.910175323486328, 2.9164929389953613, 2.9492528438568115]