training_time: 435.3312864303589
epoch_times: [23.730353832244873, 21.8686625957489, 21.498453617095947, 21.321520805358887, 21.45074200630188, 21.713090419769287, 21.726891040802002, 22.119361400604248, 21.58253502845764, 21.708224534988403, 21.611112594604492, 21.499149799346924, 20.14062261581421, 21.86006808280945, 21.741323947906494, 21.708958864212036, 22.01787829399109, 21.896745204925537, 21.87091374397278, 22.26467800140381]