training_time: 491.8103892803192
epoch_times: [26.27728509902954, 24.8821542263031, 23.992414236068726, 23.744475841522217, 24.682953596115112, 24.943429946899414, 25.2116436958313, 24.773900270462036, 24.273045539855957, 24.839869499206543, 24.281752586364746, 24.648587226867676, 24.51434850692749, 24.402161121368408, 24.3870587348938, 24.652912855148315, 25.06005620956421, 23.989519834518433, 24.635220527648926, 23.617599725723267]