training_time: 102.89825701713562
epoch_times: [5.121354579925537, 5.115164041519165, 5.175287961959839, 5.20847225189209, 5.089287281036377, 5.373091220855713, 5.149519205093384, 5.018246650695801, 5.094007968902588, 5.194484710693359, 5.311952352523804, 5.139017581939697, 5.096426248550415, 5.21423077583313, 5.101652145385742, 5.205888509750366, 5.026785850524902, 5.006190538406372, 5.168065547943115, 5.089131593704224]