training_time: 1784.428678035736
epoch_times: [92.55205464363098, 91.6829469203949, 90.83402705192566, 90.03618288040161, 89.65971326828003, 88.97903752326965, 88.90640497207642, 89.03002166748047, 89.35175895690918, 89.12550902366638, 88.57086825370789, 88.43877148628235, 88.7304584980011, 87.9388735294342, 88.55993390083313, 88.49274182319641, 89.00958895683289, 88.55950427055359, 88.31294131278992, 87.65733909606934]