training_time: 294.40151953697205
epoch_times: [14.389610528945923, 14.471848964691162, 14.975455284118652, 14.75041675567627, 15.23590874671936, 14.632142066955566, 15.622800588607788, 14.740730047225952, 14.725295066833496, 14.39531922340393, 14.388150930404663, 14.342007875442505, 14.587408542633057, 14.466246604919434, 14.448374032974243, 14.821749448776245, 14.575605630874634, 15.137235403060913, 14.69981074333191, 14.995403051376343]