training_time: 209.73983216285706
epoch_times: [10.494665384292603, 10.501082420349121, 10.668590545654297, 10.964646339416504, 10.371789455413818, 10.307599306106567, 11.094605684280396, 10.920949220657349, 10.776998043060303, 10.380795240402222, 10.650367259979248, 10.308828115463257, 10.340218305587769, 10.37198257446289, 10.196335315704346, 10.116305828094482, 10.861037492752075, 10.167637586593628, 10.110588312149048, 10.134809732437134]