training_time: 438.7094974517822
epoch_times: [22.453564405441284, 22.594858169555664, 22.1633460521698, 22.344780206680298, 22.183555126190186, 22.533267736434937, 21.76632809638977, 20.94523310661316, 20.940748691558838, 21.575663089752197, 21.73339867591858, 21.853153228759766, 21.887255668640137, 21.502939701080322, 22.154297828674316, 22.012958526611328, 22.175979137420654, 21.75639057159424, 22.40607237815857, 21.725707054138184]