training_time: 419.6473000049591
epoch_times: [21.89611840248108, 21.96539044380188, 21.27018690109253, 21.235005855560303, 20.4404194355011, 20.401432275772095, 21.098419189453125, 20.684284210205078, 21.20172381401062, 21.041053533554077, 18.94704818725586, 21.084513664245605, 20.89874839782715, 20.73090934753418, 20.846893072128296, 21.400551319122314, 21.137701272964478, 21.33068084716797, 21.123739004135132, 20.91248083114624]