training_time: 425.0355885028839
epoch_times: [23.660885095596313, 20.797640800476074, 20.61884880065918, 20.58994221687317, 20.15596580505371, 21.21796941757202, 22.0634605884552, 19.919907093048096, 21.227981328964233, 20.875881671905518, 20.532211303710938, 21.293036699295044, 21.63207983970642, 21.71136736869812, 21.617377996444702, 20.836719036102295, 21.566492080688477, 20.766759157180786, 21.597362995147705, 22.353699207305908]