training_time: 225.95609784126282
epoch_times: [11.383649110794067, 11.194758415222168, 11.205327033996582, 11.343817710876465, 11.16532039642334, 11.231483459472656, 11.331207036972046, 11.425530910491943, 11.263033151626587, 11.240103006362915, 11.597600936889648, 11.22220492362976, 11.193480730056763, 11.371473789215088, 11.193458557128906, 11.229316234588623, 11.352784633636475, 11.399501085281372, 11.278453826904297, 11.333592891693115]