training_time: 182.10220384597778
epoch_times: [9.106571912765503, 9.131673574447632, 9.278896570205688, 9.08702039718628, 9.140923023223877, 9.065190315246582, 9.092956066131592, 9.254099369049072, 9.067990064620972, 9.112836599349976, 9.085647821426392, 9.065494060516357, 9.130911827087402, 9.16463565826416, 9.052442073822021, 9.17299747467041, 9.089802742004395, 8.991270542144775, 9.051660776138306, 8.959182977676392]