training_time: 521.6533885002136
epoch_times: [27.995121717453003, 26.20597505569458, 27.31336808204651, 26.84381675720215, 25.42634344100952, 25.193074226379395, 24.74309015274048, 24.8875572681427, 26.62547755241394, 26.900566339492798, 25.42997097969055, 25.557336807250977, 25.861424922943115, 26.0560302734375, 26.79377007484436, 26.13705039024353, 25.79053783416748, 25.406307458877563, 25.594369411468506, 26.892199754714966]