training_time: 58.89858293533325
epoch_times: [2.9630045890808105, 3.03940486907959, 2.909801721572876, 2.9616284370422363, 2.921308755874634, 2.943851947784424, 2.8845179080963135, 3.0603926181793213, 2.89872407913208, 2.9102530479431152, 2.9104902744293213, 2.8967125415802, 2.8982596397399902, 3.0474393367767334, 2.9100708961486816, 2.939302444458008, 2.9289042949676514, 2.9094831943511963, 2.8873398303985596, 3.0776925086975098]