training_time: 101.5583770275116
epoch_times: [5.150965213775635, 5.109044551849365, 5.259209632873535, 5.0708136558532715, 5.20888614654541, 5.073996305465698, 4.964094638824463, 5.085829019546509, 5.094930410385132, 4.994701385498047, 5.025355815887451, 5.0464255809783936, 5.085185766220093, 5.0719687938690186, 4.955330848693848, 5.105791091918945, 5.1316077709198, 5.019645929336548, 5.068225145339966, 5.036369323730469]