training_time: 207.0174915790558
epoch_times: [10.285126447677612, 11.322019100189209, 10.055693626403809, 9.935182332992554, 10.407782316207886, 10.898395538330078, 9.776447296142578, 10.227365016937256, 11.283599138259888, 9.729108810424805, 9.833380937576294, 10.351388216018677, 10.66966438293457, 9.721829175949097, 10.47282862663269, 11.248966932296753, 9.973650932312012, 10.237579107284546, 10.557709693908691, 10.029773950576782]