training_time: 121.31465888023376
epoch_times: [6.121613264083862, 6.129938125610352, 6.182351589202881, 6.103058099746704, 6.08320689201355, 6.0221216678619385, 6.055936098098755, 6.090003967285156, 6.023437261581421, 6.054558515548706, 5.998707056045532, 6.02814507484436, 6.060198783874512, 6.130937099456787, 6.126198053359985, 6.052492141723633, 6.055454730987549, 6.012603521347046, 6.000792741775513, 5.9829041957855225]