training_time: 180.90539026260376
epoch_times: [9.099890947341919, 8.974847316741943, 9.059396028518677, 9.087807893753052, 9.07138204574585, 9.051979780197144, 9.042341947555542, 9.060343265533447, 8.957257270812988, 8.970254898071289, 9.079724073410034, 9.072095394134521, 9.0708749294281, 9.073886632919312, 9.04894232749939, 9.048727035522461, 8.952810049057007, 9.029331922531128, 9.075963020324707, 9.077533483505249]