training_time: 2186.2132983207703
epoch_times: [109.55944848060608, 109.40157270431519, 109.77327156066895, 110.13486194610596, 110.05604958534241, 111.0316834449768, 109.28215479850769, 108.87816977500916, 108.94069623947144, 108.88400745391846, 109.05372977256775, 108.75206017494202, 109.01058959960938, 109.10866594314575, 109.23415970802307, 108.95753359794617, 108.74473738670349, 108.7807183265686, 109.1457872390747, 109.48340058326721]