training_time: 1944.495664358139
epoch_times: [98.54354310035706, 97.12532162666321, 96.81479835510254, 96.82994961738586, 97.16563034057617, 97.47682428359985, 96.80543923377991, 97.66135787963867, 96.33264541625977, 97.72921991348267, 97.70962691307068, 97.30713224411011, 96.99805188179016, 97.0380437374115, 97.07990503311157, 97.2532365322113, 96.82065534591675, 97.4430742263794, 97.38257193565369, 96.97863674163818]