training_time: 157.74008989334106
epoch_times: [7.731389999389648, 8.02498173713684, 7.830960512161255, 7.829935312271118, 7.763795614242554, 7.80226731300354, 7.701030015945435, 8.201308250427246, 8.042692422866821, 7.724078178405762, 8.08384394645691, 7.930121898651123, 7.6892991065979, 8.051903009414673, 8.011425018310547, 7.4884490966796875, 8.012152910232544, 7.991786003112793, 7.775463342666626, 8.053206205368042]