training_time: 153.13166117668152
epoch_times: [7.805305004119873, 7.798678159713745, 7.794087171554565, 7.778820037841797, 7.656118869781494, 7.618701934814453, 7.596579551696777, 7.80051589012146, 7.845351219177246, 7.560224533081055, 7.690279483795166, 7.565131664276123, 7.557911396026611, 7.7375946044921875, 7.408020496368408, 7.580672979354858, 7.63970685005188, 7.557377338409424, 7.576104164123535, 7.564479827880859]