training_time: 295.7774224281311
epoch_times: [14.694843292236328, 14.959391355514526, 14.653694152832031, 15.093748569488525, 14.651890993118286, 14.932199954986572, 14.771849632263184, 14.690255403518677, 14.567323446273804, 14.651160478591919, 14.716443538665771, 14.687822103500366, 14.983253955841064, 14.647301435470581, 14.947153329849243, 14.767178058624268, 15.20562195777893, 14.393949508666992, 15.03416109085083, 14.728180170059204]