training_time: 280.16141843795776
epoch_times: [14.15052080154419, 13.72731637954712, 14.234596967697144, 14.070909976959229, 13.933655261993408, 14.111447095870972, 13.782331943511963, 14.178781986236572, 13.422828912734985, 14.082759141921997, 14.038455486297607, 14.121535062789917, 14.174513578414917, 14.129795551300049, 14.001097917556763, 14.205262899398804, 13.803194999694824, 14.08241581916809, 13.800026178359985, 14.109972476959229]