training_time: 416.27420353889465
epoch_times: [21.213784217834473, 21.0204439163208, 21.08087468147278, 21.113551139831543, 20.80129909515381, 20.75987720489502, 20.976532459259033, 21.13675570487976, 20.90698003768921, 20.92532730102539, 20.90469741821289, 20.933990716934204, 20.181105136871338, 19.42582631111145, 20.752979516983032, 20.68592071533203, 20.787047863006592, 20.94415259361267, 20.59629464149475, 21.126762866973877]