training_time: 18.68761920928955
epoch_times: [0.9656827449798584, 0.9604828357696533, 0.9407107830047607, 0.9385435581207275, 0.9421446323394775, 0.9526746273040771, 0.9379496574401855, 0.9140212535858154, 0.9464616775512695, 0.9331586360931396, 0.924609899520874, 0.9211299419403076, 0.9279496669769287, 0.9246594905853271, 0.9044122695922852, 0.9654529094696045, 0.9225316047668457, 0.9196596145629883, 0.9324469566345215, 0.9129364490509033]