training_time: 122.16524648666382
epoch_times: [6.277514934539795, 5.577317714691162, 5.634459733963013, 6.221855640411377, 5.956048488616943, 6.347201108932495, 5.922789096832275, 6.457967042922974, 6.3163063526153564, 6.640565633773804, 6.470591306686401, 5.628154516220093, 6.364919900894165, 6.007018804550171, 5.5701305866241455, 6.481863498687744, 6.437236547470093, 6.571023941040039, 5.654015302658081, 5.628266334533691]