training_time: 1981.3920586109161
epoch_times: [100.42198729515076, 99.90704703330994, 99.81452798843384, 99.90520763397217, 100.19130945205688, 98.50360417366028, 98.64555430412292, 98.76225113868713, 98.69393968582153, 98.9456844329834, 98.55262446403503, 98.59917068481445, 98.4795982837677, 98.53469014167786, 98.51208209991455, 100.8804841041565, 98.83465933799744, 98.5717146396637, 98.32776522636414, 98.30815649032593]