training_time: 510.30884981155396
epoch_times: [26.106034755706787, 25.85686731338501, 26.208925008773804, 26.414803743362427, 26.34021306037903, 25.944422721862793, 26.134507656097412, 26.048734188079834, 26.076729774475098, 25.881014823913574, 26.103707790374756, 26.191312789916992, 26.339961051940918, 25.96083903312683, 25.089433193206787, 23.996034383773804, 23.982297658920288, 23.725192546844482, 24.081751585006714, 23.826066732406616]