training_time: 1987.865688085556
epoch_times: [99.23701047897339, 99.31796956062317, 99.24137878417969, 99.44195675849915, 99.3789792060852, 99.65867280960083, 99.35472011566162, 99.35651898384094, 99.1955635547638, 99.88575434684753, 99.34909439086914, 99.13547801971436, 99.19235944747925, 99.14886498451233, 99.33007955551147, 99.73780179023743, 99.1333224773407, 99.35909914970398, 99.40605044364929, 100.00501322746277]