training_time: 2177.6304829120636
epoch_times: [161.9495780467987, 113.96416997909546, 116.74031686782837, 112.52090907096863, 105.55596971511841, 102.36013889312744, 102.76615953445435, 103.37315082550049, 102.46004176139832, 100.82038426399231, 102.28993582725525, 101.96065092086792, 102.859943151474, 101.85774350166321, 106.26083588600159, 110.05451917648315, 110.60422587394714, 110.73695945739746, 105.23795413970947, 103.25689601898193]