training_time: 1070.7468049526215
epoch_times: [53.26516270637512, 53.479238986968994, 53.79342746734619, 53.60939121246338, 53.3953742980957, 53.29302191734314, 53.22551679611206, 53.4716956615448, 54.72358775138855, 53.623382329940796, 53.41949820518494, 53.44003105163574, 53.37305283546448, 53.586684465408325, 53.47480297088623, 53.94508957862854, 53.52504014968872, 53.39406108856201, 53.350030183792114, 53.358715295791626]