training_time: 11.557663917541504
epoch_times: [0.6073946952819824, 0.581697940826416, 0.5738203525543213, 0.5707287788391113, 0.5746910572052002, 0.575253963470459, 0.5851092338562012, 0.5746512413024902, 0.5822148323059082, 0.5769217014312744, 0.5752696990966797, 0.5754437446594238, 0.5735588073730469, 0.5733132362365723, 0.571711540222168, 0.5754036903381348, 0.5799257755279541, 0.5720028877258301, 0.5732042789459229, 0.5853464603424072]