training_time: 11.437563180923462
epoch_times: [0.5888159275054932, 0.5707378387451172, 0.5746936798095703, 0.569852352142334, 0.5722081661224365, 0.5757641792297363, 0.5713233947753906, 0.5713927745819092, 0.5686264038085938, 0.5699265003204346, 0.5681774616241455, 0.5714476108551025, 0.5692822933197021, 0.569464921951294, 0.5707299709320068, 0.5682542324066162, 0.5712063312530518, 0.57010817527771, 0.5696444511413574, 0.57590651512146]