training_time: 519.7482726573944
epoch_times: [27.471328496932983, 29.216416835784912, 25.755704402923584, 25.686996936798096, 25.66802978515625, 23.873320817947388, 25.28843855857849, 25.275065422058105, 25.49188470840454, 25.369248390197754, 24.968348026275635, 26.759790420532227, 26.663485288619995, 26.58427333831787, 26.125526905059814, 25.89121699333191, 26.14478898048401, 25.961698532104492, 25.081069946289062, 26.47163987159729]