training_time: 21.970725297927856
epoch_times: [1.3192968368530273, 1.0297667980194092, 1.2614893913269043, 1.055619239807129, 1.0388753414154053, 1.0640628337860107, 1.033118724822998, 1.0405268669128418, 1.033651351928711, 1.2739808559417725, 1.0423502922058105, 1.2637264728546143, 1.0420477390289307, 1.0350236892700195, 1.0364794731140137, 1.2038819789886475, 1.0458009243011475, 1.0502142906188965, 1.0464413166046143, 1.0543708801269531]