training_time: 3081.7852971553802
epoch_times: [152.04027271270752, 150.7507779598236, 156.5901002883911, 153.67543244361877, 155.7527561187744, 153.73898720741272, 158.63880324363708, 156.81091952323914, 157.02128744125366, 153.3356122970581, 158.20093297958374, 156.91429352760315, 153.54214143753052, 154.65587210655212, 153.20458602905273, 152.84453582763672, 149.95299363136292, 151.81236267089844, 150.33702683448792, 151.96560287475586]