training_time: 223.6541440486908
epoch_times: [11.174357175827026, 11.076448202133179, 11.115770101547241, 11.121658563613892, 11.16849946975708, 11.191935777664185, 11.025981426239014, 11.246769905090332, 11.183191776275635, 11.007032871246338, 11.294913291931152, 11.719985008239746, 11.081971168518066, 11.226316452026367, 11.205899000167847, 11.081546545028687, 11.232236862182617, 11.151806354522705, 11.142857313156128, 11.20496678352356]