training_time: 143.2022454738617
epoch_times: [7.140740633010864, 7.120754957199097, 7.120510578155518, 7.111161708831787, 7.205940008163452, 7.208726644515991, 7.2431910037994385, 7.152040004730225, 7.124133348464966, 7.1181416511535645, 7.110244512557983, 7.116077661514282, 7.1182541847229, 7.099276304244995, 7.1174328327178955, 7.226031064987183, 7.21290922164917, 7.210778474807739, 7.21718168258667, 7.228718996047974]