training_time: 438.4860825538635
epoch_times: [22.08519959449768, 21.578091859817505, 21.684889316558838, 21.953562259674072, 22.294896602630615, 22.799593210220337, 22.050447702407837, 22.228673219680786, 21.923271656036377, 22.015589237213135, 22.381056785583496, 22.98811936378479, 21.34469485282898, 20.005825996398926, 21.34508752822876, 21.717244386672974, 21.854905128479004, 22.11496114730835, 22.585235595703125, 21.53473711013794]