training_time: 275.84889459609985
epoch_times: [13.870723724365234, 14.161432266235352, 13.943340063095093, 13.973976850509644, 13.357189178466797, 14.077373266220093, 13.013704061508179, 14.107930660247803, 13.612285614013672, 14.032269477844238, 14.010562181472778, 13.65654444694519, 14.0164053440094, 13.134191036224365, 14.045828819274902, 13.280738592147827, 14.066112995147705, 13.764660596847534, 13.802077054977417, 13.92154836654663]