training_time: 17.74229383468628
epoch_times: [0.8891878128051758, 0.8928103446960449, 0.8907418251037598, 0.8798551559448242, 0.8796217441558838, 0.880669116973877, 0.8887927532196045, 0.8833277225494385, 0.8875436782836914, 0.890958309173584, 0.9025092124938965, 0.8826708793640137, 0.8903491497039795, 0.897212028503418, 0.8852345943450928, 0.886566162109375, 0.8846828937530518, 0.883561372756958, 0.8791909217834473, 0.8868081569671631]