training_time: 19.64458155632019
epoch_times: [0.9974238872528076, 0.9831812381744385, 0.9821681976318359, 0.9772458076477051, 0.977928638458252, 0.9785599708557129, 0.9847517013549805, 0.9775576591491699, 0.9871618747711182, 0.9856855869293213, 0.978459358215332, 0.9759926795959473, 0.9762554168701172, 0.9792525768280029, 0.9787900447845459, 0.9904875755310059, 0.9829790592193604, 0.9801890850067139, 0.9905693531036377, 0.9799418449401855]