training_time: 434.1803517341614
epoch_times: [21.736427068710327, 21.87792658805847, 21.87186312675476, 21.84015464782715, 21.972426414489746, 21.787451028823853, 21.754549503326416, 20.846123456954956, 20.73145818710327, 21.088959455490112, 21.683000087738037, 21.78157687187195, 21.655258893966675, 21.97820520401001, 22.59420418739319, 21.845739364624023, 21.959779262542725, 21.939851760864258, 21.739207983016968, 21.496188640594482]