training_time: 93.8318018913269
epoch_times: [4.651627779006958, 4.649810075759888, 4.83256721496582, 4.626934289932251, 4.658507823944092, 4.612258434295654, 4.806228399276733, 4.731189250946045, 4.77771520614624, 4.658860445022583, 4.642450571060181, 4.715547561645508, 4.6148905754089355, 4.764159440994263, 4.6850714683532715, 4.650812387466431, 4.717017412185669, 4.830873966217041, 4.580677032470703, 4.624602556228638]