training_time: 420.57392597198486
epoch_times: [21.280017137527466, 21.893810510635376, 21.301595449447632, 21.114744186401367, 21.054385900497437, 21.014660120010376, 21.329965353012085, 21.22546076774597, 21.68370032310486, 20.001290798187256, 20.407334089279175, 20.518115520477295, 20.70993161201477, 21.210735082626343, 20.11776566505432, 21.294642448425293, 21.09529685974121, 20.941672801971436, 21.400924682617188, 20.977876663208008]