training_time: 2190.2293000221252
epoch_times: [109.37027311325073, 109.37389469146729, 109.33563017845154, 109.42379999160767, 109.40603971481323, 109.35368609428406, 109.40388798713684, 109.16229152679443, 109.12065863609314, 109.55488133430481, 109.58646249771118, 109.4330997467041, 109.49104571342468, 109.5296413898468, 109.67409610748291, 109.7225546836853, 109.95016860961914, 109.93847799301147, 109.88662028312683, 109.51208972930908]