training_time: 1825.3940725326538
epoch_times: [91.25730276107788, 91.77493500709534, 89.17130255699158, 89.94831609725952, 89.09163665771484, 89.45208382606506, 89.33940815925598, 89.36832618713379, 89.35071587562561, 89.95876741409302, 89.25704407691956, 89.38588905334473, 89.38346529006958, 89.35327458381653, 92.95544219017029, 95.50840616226196, 95.2849133014679, 95.82130742073059, 95.61812829971313, 94.11340761184692]