training_time: 104.05101299285889
epoch_times: [5.581774711608887, 5.21656608581543, 5.08843469619751, 5.183384656906128, 5.149113893508911, 5.2112016677856445, 5.26253080368042, 5.110738277435303, 5.225677013397217, 5.286898136138916, 5.585469484329224, 5.0644731521606445, 5.052134990692139, 5.05052638053894, 5.095193862915039, 5.145837068557739, 5.273557424545288, 5.2014007568359375, 5.172989130020142, 5.093110799789429]