training_time: 435.8511188030243
epoch_times: [24.23949122428894, 21.898524045944214, 21.595747232437134, 20.83128833770752, 21.924901485443115, 21.693950653076172, 21.57956314086914, 20.405994415283203, 22.083950757980347, 21.221842527389526, 21.27274799346924, 21.508914470672607, 21.61966896057129, 21.93898034095764, 22.186147928237915, 22.279829502105713, 21.50571894645691, 21.7291841506958, 21.81830334663391, 22.516369342803955]