training_time: 90.05676198005676
epoch_times: [4.519668340682983, 4.52990198135376, 4.4984986782073975, 4.60844874382019, 4.503453016281128, 4.477240800857544, 4.48302960395813, 4.555147647857666, 4.484671354293823, 4.552760362625122, 4.473054647445679, 4.483906030654907, 4.505938768386841, 4.497052192687988, 4.4589385986328125, 4.475703239440918, 4.496763229370117, 4.494364976882935, 4.482078313827515, 4.476141452789307]