training_time: 116.70786046981812
epoch_times: [6.026216983795166, 5.9434814453125, 5.98922324180603, 5.858315467834473, 5.648397445678711, 5.618156909942627, 5.790437936782837, 5.937249660491943, 5.905482292175293, 5.828890085220337, 5.968245029449463, 5.888638496398926, 5.885802507400513, 5.853523015975952, 5.8567750453948975, 5.626664161682129, 5.667403221130371, 5.773682355880737, 5.8600709438323975, 5.7812042236328125]