training_time: 499.3975615501404
epoch_times: [24.502251148223877, 24.1894850730896, 24.208565711975098, 23.731788396835327, 23.921651363372803, 24.080530643463135, 24.630323886871338, 24.990214347839355, 24.627596378326416, 24.63298797607422, 24.63652515411377, 25.00121831893921, 26.286221265792847, 25.664273500442505, 24.889145612716675, 25.07164454460144, 25.46174430847168, 26.17400026321411, 26.54630732536316, 26.15108633041382]