training_time: 29.12574028968811
epoch_times: [1.4567887783050537, 1.4395372867584229, 1.4364712238311768, 1.4429304599761963, 1.4525330066680908, 1.4571974277496338, 1.451981782913208, 1.4484293460845947, 1.4465713500976562, 1.4648993015289307, 1.4695000648498535, 1.4762215614318848, 1.438948392868042, 1.4577245712280273, 1.444758653640747, 1.511228322982788, 1.458216667175293, 1.4535610675811768, 1.4432086944580078, 1.4750323295593262]