training_time: 229.83794808387756
epoch_times: [11.562546730041504, 11.66665267944336, 11.373637199401855, 11.328148603439331, 11.960357904434204, 11.299824476242065, 11.498879432678223, 11.83467960357666, 11.236249923706055, 11.723597049713135, 11.207560539245605, 11.187987565994263, 11.274894714355469, 11.217430114746094, 11.890352249145508, 11.619467735290527, 11.16960334777832, 11.788581609725952, 11.675580739974976, 11.321915864944458]