training_time: 28.213911533355713
epoch_times: [1.4184210300445557, 1.4001541137695312, 1.400757074356079, 1.410369873046875, 1.4102051258087158, 1.406649112701416, 1.4000024795532227, 1.3992774486541748, 1.4014875888824463, 1.4011542797088623, 1.4076964855194092, 1.4078905582427979, 1.4182353019714355, 1.416635274887085, 1.409672737121582, 1.4198453426361084, 1.4586641788482666, 1.4119420051574707, 1.4096870422363281, 1.4051644802093506]