training_time: 90.06558752059937
epoch_times: [4.525052309036255, 4.470866918563843, 4.4978346824646, 4.54294228553772, 4.515917539596558, 4.505010366439819, 4.502775192260742, 4.465433359146118, 4.524336099624634, 4.487298965454102, 4.4686315059661865, 4.429853916168213, 4.476994752883911, 4.548174858093262, 4.54100227355957, 4.516032457351685, 4.467622518539429, 4.530742645263672, 4.529311895370483, 4.5197529792785645]