training_time: 58.543726444244385
epoch_times: [2.951249837875366, 2.9121320247650146, 2.910212278366089, 3.008023262023926, 2.917170763015747, 2.8985729217529297, 2.929978609085083, 2.894320249557495, 2.892957925796509, 2.90332293510437, 2.9255428314208984, 2.9090466499328613, 2.945934534072876, 2.9219658374786377, 2.9547080993652344, 2.9385924339294434, 2.9275224208831787, 2.9137072563171387, 2.964223623275757, 2.92454195022583]