training_time: 299.077139377594
epoch_times: [14.838351249694824, 14.953926801681519, 14.73204231262207, 14.636650085449219, 14.65318512916565, 14.790680646896362, 15.053206443786621, 14.94334363937378, 14.913033246994019, 14.948932647705078, 15.144688606262207, 15.011144399642944, 15.087870359420776, 14.941888093948364, 14.887708902359009, 14.947197437286377, 15.01260256767273, 15.154786586761475, 15.12598204612732, 15.299918174743652]