training_time: 14.65870213508606
epoch_times: [0.7490177154541016, 0.7421162128448486, 0.7369711399078369, 0.7384369373321533, 0.7364227771759033, 0.739046573638916, 0.7383980751037598, 0.7343573570251465, 0.7209763526916504, 0.7366297245025635, 0.7350401878356934, 0.7272806167602539, 0.7246005535125732, 0.7282485961914062, 0.707355260848999, 0.7249269485473633, 0.7401690483093262, 0.7144045829772949, 0.744379997253418, 0.7399234771728516]