training_time: 438.6141550540924
epoch_times: [22.069595336914062, 23.35592484474182, 22.842633485794067, 22.990392923355103, 21.550641298294067, 21.765077352523804, 21.49773645401001, 21.70666527748108, 21.61708402633667, 22.50206732749939, 22.53056502342224, 23.00695013999939, 19.731176614761353, 20.74892830848694, 21.245107650756836, 21.687090635299683, 21.829726934432983, 22.287784099578857, 21.735517501831055, 21.913489818572998]