training_time: 510.09003138542175
epoch_times: [25.82194709777832, 24.76883554458618, 24.783446550369263, 24.926106691360474, 25.741220712661743, 25.086549758911133, 24.519617319107056, 24.682922840118408, 25.12717890739441, 24.948203325271606, 25.995434045791626, 26.672475337982178, 25.602606058120728, 25.464053630828857, 25.70346736907959, 25.435073375701904, 25.379722595214844, 28.08570384979248, 25.750032901763916, 25.595433473587036]