training_time: 407.1317114830017
epoch_times: [19.92156672477722, 19.059003591537476, 18.957924604415894, 19.076237678527832, 18.723334074020386, 18.993197679519653, 19.173909902572632, 19.101911544799805, 18.947389364242554, 20.196329593658447, 23.40628719329834, 22.142665147781372, 22.18618106842041, 21.2549467086792, 20.425731420516968, 21.5901517868042, 20.934727668762207, 20.888043642044067, 21.00918960571289, 21.142982482910156]