training_time: 28.97490930557251
epoch_times: [1.4536826610565186, 1.448948621749878, 1.4529764652252197, 1.4533929824829102, 1.4488396644592285, 1.4516725540161133, 1.438880443572998, 1.4514801502227783, 1.4499468803405762, 1.4472861289978027, 1.4491100311279297, 1.4506092071533203, 1.4348697662353516, 1.44803786277771, 1.4467589855194092, 1.4503581523895264, 1.4518425464630127, 1.4550457000732422, 1.4422597885131836, 1.4489107131958008]