training_time: 232.84789657592773
epoch_times: [11.80824875831604, 11.547179222106934, 11.641631603240967, 12.086160659790039, 11.477770805358887, 11.815970420837402, 11.791023969650269, 11.277917623519897, 11.925945520401001, 11.984708547592163, 11.367976665496826, 11.976582527160645, 11.9085111618042, 11.292492866516113, 11.556771993637085, 11.272916793823242, 11.286022186279297, 11.230069160461426, 11.787660360336304, 11.812335729598999]