training_time: 531.9705393314362
epoch_times: [28.302829265594482, 27.021622896194458, 26.151650190353394, 26.83265519142151, 26.141878128051758, 26.301332473754883, 27.4045832157135, 26.036421060562134, 26.53635025024414, 26.430268049240112, 26.09614372253418, 25.955468893051147, 26.049305200576782, 25.662071704864502, 25.836538553237915, 26.81219172477722, 26.770641088485718, 28.289469242095947, 27.139634609222412, 26.19948387145996]