training_time: 229.9431073665619
epoch_times: [11.914873361587524, 11.188935279846191, 11.764927387237549, 11.193079710006714, 11.137996912002563, 11.202418804168701, 11.339873313903809, 11.605995893478394, 11.460171937942505, 11.284239768981934, 11.761218786239624, 11.362728834152222, 11.68965482711792, 11.74464201927185, 11.217496871948242, 11.611594200134277, 11.709377765655518, 11.26242470741272, 11.724984169006348, 11.766472816467285]