training_time: 54.56774353981018
epoch_times: [2.7334611415863037, 2.728076219558716, 2.7278504371643066, 2.731727361679077, 2.728458881378174, 2.7262253761291504, 2.72103214263916, 2.7300260066986084, 2.7247772216796875, 2.7238640785217285, 2.724897861480713, 2.7388548851013184, 2.729304075241089, 2.733001232147217, 2.7283272743225098, 2.726292848587036, 2.7277917861938477, 2.7295799255371094, 2.725836753845215, 2.728358030319214]