training_time: 404.1132559776306
epoch_times: [21.548871994018555, 21.14114236831665, 21.402327060699463, 21.18397355079651, 21.191787481307983, 21.278881072998047, 21.759153604507446, 20.999507188796997, 21.28123188018799, 20.43138599395752, 20.04180884361267, 20.371396780014038, 19.042948722839355, 19.00745701789856, 18.979572296142578, 18.863649129867554, 18.912832260131836, 18.84993290901184, 19.037623643875122, 18.787772178649902]