training_time: 1062.390469789505
epoch_times: [54.22730588912964, 52.87101197242737, 53.06449246406555, 53.04590439796448, 53.201921701431274, 53.06430792808533, 53.0643048286438, 53.12693905830383, 53.05201697349548, 53.03809356689453, 53.050342082977295, 53.0232617855072, 53.05385160446167, 53.185205936431885, 53.05289030075073, 53.081151485443115, 53.06850552558899, 53.02627420425415, 53.055562257766724, 53.03712582588196]