training_time: 1787.173137664795
epoch_times: [89.14163064956665, 89.14855074882507, 89.87745094299316, 88.98610734939575, 89.60571765899658, 88.75241470336914, 88.7502601146698, 89.64345073699951, 89.48214077949524, 89.29939341545105, 89.43020439147949, 89.54324316978455, 89.31630659103394, 89.59678602218628, 89.36954832077026, 89.54487442970276, 89.33190679550171, 88.97476649284363, 89.40806746482849, 89.97031688690186]