training_time: 439.34859824180603
epoch_times: [23.93107295036316, 22.53570032119751, 22.26535654067993, 21.686583280563354, 21.877856492996216, 22.030940294265747, 21.85300922393799, 21.746602058410645, 22.338132858276367, 21.89614462852478, 21.909648180007935, 21.493226528167725, 19.88573694229126, 21.901912927627563, 21.85534930229187, 21.953760623931885, 22.27350616455078, 22.202840089797974, 22.00443387031555, 21.706784963607788]