training_time: 151.02211475372314
epoch_times: [7.604779005050659, 7.346836805343628, 7.39127516746521, 7.433320999145508, 7.422282934188843, 7.630101919174194, 7.753735780715942, 7.1593005657196045, 7.3931403160095215, 7.736689329147339, 7.49437952041626, 7.281632900238037, 7.896479845046997, 7.530487060546875, 7.349047422409058, 7.703982830047607, 7.734166145324707, 7.319334030151367, 8.02417802810669, 7.816964149475098]