training_time: 201.37719893455505
epoch_times: [9.83243465423584, 10.565028667449951, 9.813931703567505, 9.274693250656128, 10.155533075332642, 10.228996992111206, 9.290931701660156, 10.032750606536865, 11.169631958007812, 9.792059421539307, 9.844930648803711, 10.70910358428955, 9.972893476486206, 9.28787899017334, 10.022132635116577, 10.967862367630005, 9.682904720306396, 9.557051181793213, 10.217044830322266, 10.959404468536377]