training_time: 278.2184579372406
epoch_times: [14.013645887374878, 13.780142068862915, 14.040321826934814, 14.021972179412842, 14.077984809875488, 14.097023248672485, 13.843127250671387, 14.0879487991333, 14.048012733459473, 13.67140007019043, 13.803847551345825, 13.825737714767456, 14.039546728134155, 14.109593868255615, 13.739425659179688, 13.835704565048218, 13.751746892929077, 13.844917297363281, 13.783443927764893, 13.80291485786438]