training_time: 31.65488052368164
epoch_times: [1.4988656044006348, 1.4484081268310547, 1.4793713092803955, 1.4625444412231445, 1.608222246170044, 1.4868569374084473, 1.4845070838928223, 1.4541540145874023, 1.4639904499053955, 1.4839179515838623, 1.5427522659301758, 1.7581782341003418, 1.771268606185913, 1.7305388450622559, 1.7429659366607666, 1.7217721939086914, 1.4896187782287598, 1.6341683864593506, 1.6582996845245361, 1.7344794273376465]