training_time: 105.9327027797699
epoch_times: [5.217120885848999, 5.255103826522827, 5.280241250991821, 5.1720404624938965, 5.150291681289673, 5.209834337234497, 5.327526330947876, 5.123852729797363, 5.543710231781006, 5.248139381408691, 5.164204835891724, 5.50766396522522, 5.567143440246582, 5.428131103515625, 5.1643970012664795, 5.3879616260528564, 5.252132892608643, 5.1786744594573975, 5.450409650802612, 5.304122686386108]