training_time: 420.21738600730896
epoch_times: [22.581195831298828, 21.16122794151306, 21.01994252204895, 21.60493016242981, 21.35937762260437, 21.484113454818726, 21.535202741622925, 21.318734169006348, 21.357974767684937, 21.174596071243286, 21.172791719436646, 21.607871770858765, 21.90215277671814, 21.001078367233276, 19.69057869911194, 19.909029960632324, 19.74614644050598, 19.673060417175293, 19.734532594680786, 21.18284797668457]