training_time: 1975.0338344573975
epoch_times: [98.72762274742126, 98.5927882194519, 98.50811314582825, 98.64995670318604, 98.88407802581787, 98.87434959411621, 98.84127378463745, 98.66793417930603, 98.57178735733032, 98.61883854866028, 99.63935542106628, 98.61223125457764, 98.73687028884888, 98.74428105354309, 98.68669533729553, 98.55867958068848, 98.6922357082367, 98.69999027252197, 99.14093518257141, 98.58581805229187]