training_time: 203.8340334892273
epoch_times: [10.009565591812134, 11.104671001434326, 9.843485593795776, 9.605886697769165, 10.238252639770508, 10.494736909866333, 9.694687604904175, 10.146091938018799, 11.20867395401001, 9.59200119972229, 9.46549391746521, 10.00172734260559, 11.128646612167358, 9.81415867805481, 9.57661485671997, 10.390996217727661, 10.663623332977295, 9.777495622634888, 9.967654943466187, 11.10956883430481]