training_time: 1960.2312982082367
epoch_times: [97.91856098175049, 97.88347172737122, 98.102299451828, 98.07559561729431, 97.86421537399292, 97.89293622970581, 97.8431007862091, 97.92849540710449, 98.00056266784668, 97.91524481773376, 97.92771196365356, 97.92895150184631, 98.43934726715088, 98.00727581977844, 97.98392105102539, 98.16017413139343, 98.17224431037903, 98.05992412567139, 98.09621453285217, 98.03105044364929]