training_time: 17.855311632156372
epoch_times: [0.9167888164520264, 0.9158177375793457, 0.8894789218902588, 0.8928611278533936, 0.895824670791626, 0.8858764171600342, 0.8898072242736816, 0.8893861770629883, 0.8934636116027832, 0.8887848854064941, 0.8879177570343018, 0.8888339996337891, 0.8843250274658203, 0.8864536285400391, 0.8957829475402832, 0.9076681137084961, 0.8872697353363037, 0.8864314556121826, 0.8858411312103271, 0.8866982460021973]