training_time: 223.01963758468628
epoch_times: [11.047626733779907, 11.180857419967651, 11.10705852508545, 11.157070398330688, 11.151709794998169, 11.15229606628418, 11.177594661712646, 11.193924188613892, 11.141931295394897, 11.26235294342041, 11.218661308288574, 11.000717639923096, 11.177300214767456, 11.186882495880127, 11.003092050552368, 11.1687753200531, 11.19439435005188, 10.994713544845581, 11.258953094482422, 11.243725538253784]