training_time: 120.99142217636108
epoch_times: [6.182340145111084, 6.171789169311523, 6.083487033843994, 6.061949968338013, 6.091815710067749, 6.028148651123047, 5.952180624008179, 5.970250368118286, 5.944413423538208, 5.9704813957214355, 6.078709125518799, 6.052835702896118, 6.0344343185424805, 6.042524814605713, 6.107295274734497, 5.961545467376709, 6.04387354850769, 6.1324145793914795, 6.0651867389678955, 6.015746116638184]