training_time: 30.108842849731445
epoch_times: [1.5235612392425537, 1.515005350112915, 1.5163381099700928, 1.5157134532928467, 1.5126025676727295, 1.4992635250091553, 1.4972188472747803, 1.5035068988800049, 1.4856178760528564, 1.5025012493133545, 1.4756426811218262, 1.4533007144927979, 1.4770848751068115, 1.6204197406768799, 1.5257008075714111, 1.5056064128875732, 1.4941155910491943, 1.4978656768798828, 1.5006279945373535, 1.4871492385864258]