training_time: 19.684885025024414
epoch_times: [0.9944045543670654, 0.9832611083984375, 0.9773271083831787, 0.9861810207366943, 0.976806640625, 0.9756829738616943, 0.9790105819702148, 0.9773614406585693, 0.9761393070220947, 0.9739513397216797, 0.9731261730194092, 0.9963967800140381, 0.9855775833129883, 0.9995687007904053, 0.9872024059295654, 0.9893205165863037, 0.9828236103057861, 0.9852910041809082, 1.0010924339294434, 0.9843597412109375]