training_time: 91.79912757873535
epoch_times: [4.59446120262146, 4.589712142944336, 4.586118221282959, 4.558115482330322, 4.571906805038452, 4.579442739486694, 4.619798183441162, 4.635660648345947, 4.5608320236206055, 4.562625408172607, 4.565057754516602, 4.576418876647949, 4.567044258117676, 4.612946271896362, 4.553582191467285, 4.623391151428223, 4.608193397521973, 4.599566459655762, 4.582957983016968, 4.651296377182007]