training_time: 292.06361269950867
epoch_times: [14.33363389968872, 14.734591960906982, 14.887187957763672, 14.755285501480103, 14.543149471282959, 14.602844715118408, 14.53984808921814, 14.461551427841187, 14.81272029876709, 14.6798255443573, 14.881889820098877, 14.752631664276123, 14.656569480895996, 14.372495651245117, 14.647058486938477, 14.248160600662231, 14.630614757537842, 14.347419261932373, 14.756121158599854, 14.420012950897217]