training_time: 87.09233832359314
epoch_times: [4.376832723617554, 4.359639406204224, 4.349172353744507, 4.350685358047485, 4.357328176498413, 4.365712642669678, 4.355746030807495, 4.342942476272583, 4.34711766242981, 4.356333255767822, 4.357329845428467, 4.353105306625366, 4.344505786895752, 4.350976228713989, 4.360905647277832, 4.356753587722778, 4.353377342224121, 4.3426642417907715, 4.350483655929565, 4.360726594924927]