training_time: 200.83408570289612
epoch_times: [10.181541919708252, 10.150007009506226, 9.966243028640747, 9.968820810317993, 10.058357000350952, 10.22747278213501, 10.08260726928711, 9.943039655685425, 10.012945652008057, 9.941632986068726, 10.072336673736572, 10.173195123672485, 10.050310611724854, 10.0855553150177, 9.961245059967041, 10.042152643203735, 10.011060953140259, 9.937449932098389, 10.027323484420776, 9.94078779220581]