training_time: 11.52301812171936
epoch_times: [0.5947721004486084, 0.5759730339050293, 0.571868896484375, 0.5719513893127441, 0.5766799449920654, 0.5778675079345703, 0.5769319534301758, 0.5720210075378418, 0.5712594985961914, 0.5719997882843018, 0.5716605186462402, 0.5743043422698975, 0.5810189247131348, 0.5775308609008789, 0.5851564407348633, 0.5773367881774902, 0.5763490200042725, 0.5706517696380615, 0.5716767311096191, 0.576007604598999]