training_time: 433.613178730011
epoch_times: [22.89155411720276, 22.060940980911255, 21.95491361618042, 21.461162567138672, 21.477850675582886, 21.7098491191864, 21.7792866230011, 21.954283952713013, 21.42041277885437, 21.57527184486389, 22.015671730041504, 21.64361023902893, 19.97308588027954, 21.931670665740967, 21.695549726486206, 21.832184076309204, 21.87999129295349, 20.933082103729248, 21.912589073181152, 21.510217666625977]