training_time: 112.63616037368774
epoch_times: [5.803452730178833, 5.735607862472534, 5.644244432449341, 5.489271402359009, 5.574343204498291, 5.640336513519287, 5.705669641494751, 5.697479009628296, 5.694887399673462, 5.742973804473877, 5.550744533538818, 5.676474094390869, 5.573130369186401, 5.539903879165649, 5.550368309020996, 5.635426998138428, 5.5871570110321045, 5.549021005630493, 5.63090705871582, 5.614761114120483]