training_time: 505.50182604789734
epoch_times: [23.567712783813477, 23.315158367156982, 23.733999967575073, 23.418842792510986, 23.48393988609314, 23.488986492156982, 23.4261794090271, 26.92788314819336, 26.224336624145508, 26.541791439056396, 26.23408555984497, 26.0818293094635, 26.73210120201111, 25.812458038330078, 25.328418016433716, 26.269986629486084, 26.300661087036133, 26.001007080078125, 26.260216236114502, 26.352231979370117]