training_time: 92.22368097305298
epoch_times: [4.799487113952637, 4.563767194747925, 4.633916854858398, 4.552837133407593, 4.89642333984375, 4.652146100997925, 4.646500825881958, 4.569283723831177, 4.585294723510742, 4.574281692504883, 4.6191184520721436, 4.551682233810425, 4.552211761474609, 4.586620569229126, 4.68066143989563, 4.527425289154053, 4.477151393890381, 4.507857322692871, 4.585525989532471, 4.661487817764282]