training_time: 493.23886942863464
epoch_times: [25.02036190032959, 25.438796758651733, 24.619598150253296, 24.23430871963501, 24.078784704208374, 24.51444673538208, 24.84049367904663, 24.514305114746094, 24.775144338607788, 24.273284196853638, 23.849069833755493, 24.204634189605713, 24.07299280166626, 23.98338294029236, 24.28631067276001, 25.58615279197693, 25.165075540542603, 24.529536247253418, 25.592912673950195, 25.65927743911743]