training_time: 22.32813000679016
epoch_times: [1.23612642288208, 1.1945786476135254, 1.0294771194458008, 1.2216212749481201, 1.0210204124450684, 1.0127127170562744, 1.008631706237793, 1.2463817596435547, 1.0154750347137451, 1.0174365043640137, 1.1503229141235352, 1.25990891456604, 1.2367336750030518, 1.017320156097412, 1.0141830444335938, 1.0281355381011963, 1.2529799938201904, 1.2165312767028809, 1.1296412944793701, 1.018911600112915]