training_time: 424.0839102268219
epoch_times: [22.726221561431885, 21.89246916770935, 22.07237672805786, 21.802697896957397, 21.40625762939453, 21.306904792785645, 21.304396390914917, 21.117059469223022, 20.102439165115356, 20.306301832199097, 20.357335567474365, 20.933464765548706, 21.362057209014893, 20.618433952331543, 21.214531660079956, 21.32127547264099, 21.09917664527893, 21.532177686691284, 20.707756996154785, 20.900575637817383]