training_time: 431.85313177108765
epoch_times: [23.12798500061035, 21.67614722251892, 21.77951741218567, 21.043776035308838, 21.47453808784485, 21.659886360168457, 21.77713179588318, 21.853931427001953, 21.890729904174805, 21.54544734954834, 21.537378549575806, 22.279515743255615, 21.028920650482178, 21.846664428710938, 21.491225242614746, 19.4958918094635, 21.57590961456299, 21.454931259155273, 21.55473041534424, 21.758873462677002]