training_time: 434.684579372406
epoch_times: [22.642320156097412, 22.313207864761353, 22.155604362487793, 22.093379497528076, 21.988526344299316, 22.072690725326538, 21.767805576324463, 21.923838138580322, 21.555880308151245, 21.540674686431885, 21.919722318649292, 21.985229969024658, 20.56134295463562, 19.723140716552734, 21.578036785125732, 21.379074573516846, 21.508598804473877, 22.34885263442993, 21.989264488220215, 21.637388467788696]