training_time: 17.6743266582489
epoch_times: [0.926379919052124, 0.8845593929290771, 0.8908605575561523, 0.8817298412322998, 0.8801746368408203, 0.8833634853363037, 0.8782124519348145, 0.8779432773590088, 0.8792893886566162, 0.8817105293273926, 0.8757553100585938, 0.876197099685669, 0.8935666084289551, 0.8916938304901123, 0.8809247016906738, 0.8802900314331055, 0.8840265274047852, 0.8759586811065674, 0.8754889965057373, 0.8762013912200928]