training_time: 2138.6204142570496
epoch_times: [104.18767309188843, 104.37099862098694, 103.93128728866577, 102.56373333930969, 105.81653022766113, 108.64083433151245, 109.32257556915283, 108.74189853668213, 109.38681650161743, 108.7376868724823, 108.4957001209259, 108.90713787078857, 109.01561212539673, 108.95969080924988, 108.98781657218933, 109.10380935668945, 108.46248483657837, 103.22234153747559, 103.44728875160217, 104.31849789619446]