training_time: 508.1441230773926
epoch_times: [24.221881866455078, 24.280847311019897, 24.175489902496338, 24.155056715011597, 24.27558732032776, 26.016953468322754, 25.51734685897827, 26.659303426742554, 27.381291151046753, 24.721076011657715, 25.435662508010864, 25.469584465026855, 25.35035538673401, 26.316160678863525, 26.237276554107666, 25.18688702583313, 25.12541937828064, 25.64263606071472, 25.739264965057373, 26.236042022705078]