training_time: 15.03532361984253
epoch_times: [0.7467629909515381, 0.7440786361694336, 0.7384214401245117, 0.7577259540557861, 0.7598743438720703, 0.7910449504852295, 0.7638075351715088, 0.7662317752838135, 0.7553133964538574, 0.7598259449005127, 0.7527732849121094, 0.7475681304931641, 0.7656331062316895, 0.7512936592102051, 0.7371206283569336, 0.7472219467163086, 0.7564234733581543, 0.7373867034912109, 0.7178103923797607, 0.7390053272247314]