training_time: 1791.5847811698914
epoch_times: [89.73578405380249, 89.7044129371643, 89.62667322158813, 89.78388619422913, 89.30951976776123, 89.71891021728516, 89.72302675247192, 89.6848635673523, 89.95886754989624, 89.73767971992493, 89.79828143119812, 89.50131821632385, 89.60580039024353, 89.48896288871765, 89.68754291534424, 89.22958207130432, 89.86177349090576, 89.22984457015991, 88.67452573776245, 89.52352547645569]