training_time: 1068.3945426940918
epoch_times: [53.65750169754028, 53.58262491226196, 53.31971836090088, 53.24278998374939, 53.21774411201477, 53.420912981033325, 53.21740651130676, 54.07629632949829, 53.45113921165466, 53.29194760322571, 53.28466176986694, 53.257660150527954, 53.39496350288391, 53.44786977767944, 53.76331067085266, 53.411237955093384, 53.315088748931885, 53.261412620544434, 53.26325845718384, 53.51699733734131]