training_time: 1799.5443420410156
epoch_times: [89.94692063331604, 90.02295160293579, 89.91680932044983, 89.9223210811615, 89.92035150527954, 89.73573613166809, 89.93103408813477, 89.75349140167236, 89.9676423072815, 90.08382558822632, 89.96727657318115, 90.05892491340637, 90.38641691207886, 90.1337685585022, 90.0599410533905, 89.88396000862122, 89.94106030464172, 90.00538611412048, 89.86348962783813, 90.04303431510925]