training_time: 436.6582148075104
epoch_times: [22.184593439102173, 22.520901203155518, 22.278605937957764, 22.190117835998535, 21.585289239883423, 21.50905442237854, 22.033628225326538, 21.175699949264526, 20.815157651901245, 21.953066110610962, 21.938949584960938, 21.5306978225708, 21.76153254508972, 21.38739037513733, 21.73577857017517, 22.095821142196655, 21.569141149520874, 21.724979877471924, 22.39152240753174, 22.276287317276]