training_time: 508.5683739185333
epoch_times: [25.270183086395264, 25.864150285720825, 25.857715368270874, 25.48334765434265, 25.609119176864624, 25.540815353393555, 25.8628146648407, 25.50614905357361, 25.979971408843994, 25.774011850357056, 25.587995052337646, 25.813932418823242, 25.392080307006836, 25.712538242340088, 25.56825613975525, 25.743207931518555, 25.923118114471436, 24.71515202522278, 22.77743363380432, 24.586382150650024]