training_time: 2061.157410144806
epoch_times: [102.51634621620178, 104.88615489006042, 103.0152838230133, 102.96381330490112, 102.85006356239319, 102.70937490463257, 103.04887652397156, 103.028151512146, 102.71442794799805, 102.41625690460205, 103.62130188941956, 102.74477577209473, 104.30692195892334, 103.3731598854065, 103.80247616767883, 103.60375690460205, 102.35391283035278, 102.64564180374146, 102.03349375724792, 102.5232195854187]