training_time: 182.29998970031738
epoch_times: [9.034247159957886, 9.112895011901855, 9.093236207962036, 8.958529710769653, 8.925259590148926, 8.932963371276855, 8.939953327178955, 8.936264991760254, 8.971731185913086, 9.08428955078125, 9.041007995605469, 9.20792818069458, 9.115792274475098, 9.169635534286499, 9.171157598495483, 9.297681093215942, 9.310020446777344, 9.285109758377075, 9.34829044342041, 9.363996267318726]