training_time: 197.87903571128845
epoch_times: [10.1980619430542, 9.766773700714111, 9.692609786987305, 11.281651020050049, 9.823094367980957, 10.074285745620728, 9.755606174468994, 9.759888887405396, 10.31600308418274, 9.362069606781006, 9.798076868057251, 9.890283346176147, 9.868862867355347, 10.371572017669678, 9.475616931915283, 9.541185855865479, 10.181276082992554, 9.714961528778076, 9.323058843612671, 9.684097051620483]