training_time: 59.50293302536011
epoch_times: [2.9279327392578125, 2.9086427688598633, 2.9168951511383057, 2.925196886062622, 2.9045896530151367, 2.9248111248016357, 2.8988888263702393, 2.974421501159668, 2.9829766750335693, 2.959885358810425, 2.971686363220215, 2.9846749305725098, 2.9850358963012695, 2.968069553375244, 3.0486414432525635, 3.020272970199585, 2.9183926582336426, 2.981595516204834, 3.276329517364502, 3.023993492126465]