training_time: 22.258997678756714
epoch_times: [1.0591213703155518, 1.0479986667633057, 1.0460388660430908, 1.0391297340393066, 1.049602746963501, 1.0376794338226318, 1.0179872512817383, 1.0461516380310059, 1.2117831707000732, 1.0427751541137695, 1.0389068126678467, 1.0266284942626953, 1.295625925064087, 1.287893295288086, 1.2812907695770264, 1.2669250965118408, 1.1080853939056396, 1.043104648590088, 1.2713840007781982, 1.0408852100372314]