training_time: 148.04002380371094
epoch_times: [7.422375440597534, 7.398658514022827, 7.412017107009888, 7.389913320541382, 7.399331569671631, 7.573556661605835, 7.404217720031738, 7.393813371658325, 7.397749900817871, 7.387531042098999, 7.383657217025757, 7.388119459152222, 7.390889883041382, 7.3944292068481445, 7.407264232635498, 7.383735418319702, 7.391415119171143, 7.388651371002197, 7.351841926574707, 7.380855321884155]