training_time: 2075.7684676647186
epoch_times: [103.79200053215027, 103.71530222892761, 104.35183572769165, 104.81567120552063, 102.93351316452026, 103.89667892456055, 104.17390489578247, 104.30156755447388, 103.5984992980957, 104.4556884765625, 104.12768363952637, 102.55762100219727, 103.11467432975769, 104.34341359138489, 104.14798188209534, 103.12457728385925, 101.73521733283997, 104.1625587940216, 104.82131385803223, 103.5987639427185]