training_time: 15.13682508468628
epoch_times: [0.813032865524292, 0.7577342987060547, 0.7594001293182373, 0.7487218379974365, 0.7382986545562744, 0.7484688758850098, 0.7600505352020264, 0.7641494274139404, 0.7603495121002197, 0.7562620639801025, 0.7579324245452881, 0.7532875537872314, 0.7606773376464844, 0.7472362518310547, 0.745764970779419, 0.7435259819030762, 0.7572369575500488, 0.7491114139556885, 0.749042272567749, 0.7665417194366455]