training_time: 440.44890832901
epoch_times: [21.9000506401062, 21.729865550994873, 21.794689178466797, 21.999436140060425, 21.98489236831665, 22.170221090316772, 22.518285989761353, 21.313961029052734, 21.496745347976685, 22.199517488479614, 22.06063747406006, 22.123030424118042, 22.394261360168457, 21.801863193511963, 21.930005073547363, 22.097134351730347, 21.782315492630005, 22.345197200775146, 22.565438270568848, 22.241360664367676]