training_time: 2275.689805984497
epoch_times: [113.11772751808167, 114.42855167388916, 113.77468681335449, 114.48852515220642, 114.6328194141388, 114.06645941734314, 114.80877208709717, 115.1953547000885, 113.12221074104309, 115.06026530265808, 113.80709671974182, 114.85854959487915, 113.05548357963562, 113.39743685722351, 113.1797924041748, 113.5888159275055, 112.7506172657013, 112.53492665290833, 113.4278917312622, 112.39382243156433]