training_time: 11.652045249938965
epoch_times: [0.6655673980712891, 0.5790538787841797, 0.5788226127624512, 0.580920934677124, 0.578650951385498, 0.5767064094543457, 0.5774452686309814, 0.5803689956665039, 0.5772726535797119, 0.5770151615142822, 0.5804402828216553, 0.5755069255828857, 0.5730981826782227, 0.573448657989502, 0.5732977390289307, 0.5726280212402344, 0.5763447284698486, 0.5728259086608887, 0.6071863174438477, 0.575444221496582]