training_time: 1082.0180633068085
epoch_times: [54.891117095947266, 54.82701802253723, 54.164268016815186, 53.42150688171387, 52.649991512298584, 53.83526682853699, 54.97114896774292, 54.46682167053223, 54.286283016204834, 54.19328594207764, 54.615782260894775, 54.32208251953125, 54.25225043296814, 52.90047097206116, 52.38694429397583, 53.67205095291138, 55.27370500564575, 54.387040853500366, 54.26927876472473, 54.231749296188354]