training_time: 86.91476798057556
epoch_times: [4.394130706787109, 4.335418224334717, 4.33866286277771, 4.355747699737549, 4.3591601848602295, 4.3326592445373535, 4.345952749252319, 4.354195594787598, 4.3473663330078125, 4.330737113952637, 4.343449115753174, 4.363965272903442, 4.347853660583496, 4.342833518981934, 4.33337664604187, 4.338368892669678, 4.344482898712158, 4.3442254066467285, 4.3368823528289795, 4.325299501419067]