training_time: 115.39246845245361
epoch_times: [5.572919130325317, 5.5516180992126465, 5.52260422706604, 5.557894706726074, 5.519851207733154, 5.581178665161133, 5.595728158950806, 5.885105848312378, 5.656663417816162, 5.696375370025635, 5.7534019947052, 6.279627084732056, 6.175581932067871, 5.597275733947754, 5.572112083435059, 6.007319688796997, 5.972222089767456, 6.154027938842773, 6.071356534957886, 5.669604539871216]