training_time: 97.12167882919312
epoch_times: [5.032294988632202, 4.842196226119995, 4.846400022506714, 4.838408708572388, 4.839444160461426, 4.83868670463562, 4.840527296066284, 4.875981569290161, 4.841670036315918, 4.841112375259399, 4.824871778488159, 4.887191295623779, 4.914973020553589, 4.833033800125122, 4.836834192276001, 4.83216667175293, 4.8359575271606445, 4.838217735290527, 4.841734170913696, 4.83997654914856]