training_time: 226.11873722076416
epoch_times: [11.329916954040527, 11.533710956573486, 11.36916732788086, 11.247298240661621, 11.275248050689697, 11.109071493148804, 11.415321111679077, 11.266752481460571, 11.09204912185669, 11.281642436981201, 11.530112981796265, 11.136218547821045, 11.282834529876709, 11.221240520477295, 11.444021463394165, 11.28803825378418, 11.259373903274536, 11.330929517745972, 11.49868893623352, 11.20710039138794]