training_time: 11.625936031341553
epoch_times: [0.5992193222045898, 0.5848345756530762, 0.5815181732177734, 0.5865879058837891, 0.5782303810119629, 0.5765762329101562, 0.5753443241119385, 0.578998327255249, 0.585350513458252, 0.5777678489685059, 0.5755729675292969, 0.5758612155914307, 0.5760235786437988, 0.5790939331054688, 0.5803878307342529, 0.5815508365631104, 0.5801544189453125, 0.5821318626403809, 0.5879297256469727, 0.5828020572662354]