training_time: 19.685436487197876
epoch_times: [0.972151517868042, 0.962242841720581, 0.9772346019744873, 0.9686484336853027, 0.9567527770996094, 0.9678316116333008, 0.9715769290924072, 0.9921646118164062, 0.9992485046386719, 0.9976122379302979, 0.9865665435791016, 0.9909000396728516, 1.0015287399291992, 0.9964673519134521, 0.9766170978546143, 0.9993104934692383, 1.002654790878296, 0.995464563369751, 0.9801113605499268, 0.9903514385223389]