training_time: 436.3173828125
epoch_times: [22.826212406158447, 23.232917070388794, 22.582374334335327, 22.30803632736206, 22.632028818130493, 21.825018405914307, 20.560326099395752, 20.794535875320435, 21.186473608016968, 21.399439811706543, 22.03827929496765, 22.453275203704834, 21.87379288673401, 21.98922109603882, 21.91441559791565, 21.23692035675049, 21.280547857284546, 21.70930004119873, 21.91022276878357, 20.564044952392578]