training_time: 200.5270538330078
epoch_times: [10.102657794952393, 9.894359588623047, 10.00153636932373, 10.106197595596313, 10.18781566619873, 10.09392786026001, 10.199568271636963, 10.097532033920288, 9.993335485458374, 9.940568685531616, 9.952636957168579, 9.879081010818481, 9.882909536361694, 9.94053053855896, 10.054934978485107, 10.268999099731445, 10.12720775604248, 9.98231816291809, 9.878488540649414, 9.942447900772095]