training_time: 504.22482228279114
epoch_times: [27.085919857025146, 26.514463186264038, 26.172420978546143, 26.046889305114746, 25.91585350036621, 26.001559257507324, 25.84754967689514, 25.377182722091675, 25.067514657974243, 24.82767152786255, 24.850229024887085, 25.022348403930664, 25.385390996932983, 25.712750911712646, 25.128379821777344, 25.18957757949829, 24.25000262260437, 22.275381088256836, 23.842435836791992, 23.71130132675171]