training_time: 2452.4935743808746
epoch_times: [113.87213730812073, 114.57114100456238, 156.35566902160645, 112.16847968101501, 115.11074161529541, 114.29191136360168, 114.82999920845032, 157.66174483299255, 112.66617512702942, 118.15916872024536, 114.02883577346802, 114.92019486427307, 115.10191178321838, 137.19517064094543, 115.88499641418457, 113.82928276062012, 114.78027820587158, 114.88402032852173, 158.58918738365173, 123.59252834320068]