training_time: 2178.2710094451904
epoch_times: [108.69528579711914, 108.63037633895874, 108.60677742958069, 108.93019008636475, 108.8958351612091, 109.20208215713501, 108.88243556022644, 108.9127995967865, 109.11365938186646, 108.91839098930359, 108.95214247703552, 108.81267070770264, 109.08644723892212, 108.91077780723572, 108.86733937263489, 109.09043312072754, 108.8405647277832, 108.83066487312317, 109.06827807426453, 109.0238585472107]