training_time: 515.9120268821716
epoch_times: [26.200103282928467, 25.75571846961975, 26.36469054222107, 26.626630783081055, 26.727101802825928, 26.71186637878418, 26.129213333129883, 25.455740451812744, 25.745318174362183, 25.3150954246521, 26.096789836883545, 26.212738752365112, 26.068265676498413, 25.605474948883057, 23.15657091140747, 23.219784021377563, 23.854780673980713, 27.334579944610596, 26.964605808258057, 26.366957664489746]