training_time: 1457.9645297527313
epoch_times: [72.95946216583252, 73.26427364349365, 73.86488938331604, 73.26540732383728, 72.66823220252991, 71.12550806999207, 71.78304958343506, 70.43462824821472, 73.13280391693115, 73.2777533531189, 73.07377886772156, 73.24995255470276, 73.0163471698761, 73.27300763130188, 72.98755145072937, 73.0516140460968, 73.36841034889221, 73.43707489967346, 73.36163449287415, 73.36915040016174]