training_time: 29.638439178466797
epoch_times: [1.534365177154541, 1.4833076000213623, 1.4836506843566895, 1.4987316131591797, 1.6026110649108887, 1.5082128047943115, 1.4879631996154785, 1.4963910579681396, 1.4760239124298096, 1.4858908653259277, 1.4515388011932373, 1.4256620407104492, 1.4412081241607666, 1.4346179962158203, 1.534660816192627, 1.4541356563568115, 1.433852195739746, 1.42734694480896, 1.4479048252105713, 1.5303637981414795]