training_time: 305.7156443595886
epoch_times: [14.892460346221924, 14.818557024002075, 14.77580976486206, 14.860106945037842, 14.78954029083252, 14.84960389137268, 14.925508737564087, 14.931079149246216, 15.333813905715942, 15.415162801742554, 15.516507625579834, 15.44102954864502, 15.568997144699097, 15.797844886779785, 15.59684157371521, 15.682275772094727, 15.773452043533325, 15.598328828811646, 15.583208799362183, 15.565515279769897]