training_time: 436.77000546455383
epoch_times: [22.87075185775757, 21.86016535758972, 22.438605308532715, 23.018950939178467, 21.268621921539307, 20.937358856201172, 21.38101053237915, 20.36085033416748, 21.340797901153564, 23.190447568893433, 22.64066171646118, 20.915520429611206, 21.291407585144043, 21.672221660614014, 21.59747052192688, 22.56436848640442, 22.745673179626465, 21.902233600616455, 21.04481840133667, 21.728069305419922]