training_time: 29.918591260910034
epoch_times: [1.4549267292022705, 1.450596809387207, 1.4515345096588135, 1.4357445240020752, 1.4706659317016602, 1.444441318511963, 1.4601502418518066, 1.5423378944396973, 1.4581832885742188, 1.5404996871948242, 1.4471051692962646, 1.5003488063812256, 1.5104737281799316, 1.7332797050476074, 1.5732097625732422, 1.5099594593048096, 1.4768946170806885, 1.489433765411377, 1.4779777526855469, 1.4908275604248047]