training_time: 58.34948444366455
epoch_times: [2.9179606437683105, 2.906046152114868, 2.9427168369293213, 2.9017093181610107, 2.8813087940216064, 2.8831136226654053, 2.8859341144561768, 2.8878374099731445, 2.8928749561309814, 2.911771535873413, 2.893353223800659, 2.913177967071533, 2.9222614765167236, 3.1231727600097656, 2.921800136566162, 2.9144046306610107, 2.934509515762329, 2.896296739578247, 2.930607318878174, 2.888627290725708]