training_time: 222.84387946128845
epoch_times: [11.399611473083496, 11.15769624710083, 11.229376554489136, 11.014166355133057, 11.118284702301025, 11.161968231201172, 11.024914741516113, 11.135497331619263, 11.096778869628906, 11.016757011413574, 11.182285785675049, 11.21902060508728, 11.044261932373047, 11.22811508178711, 11.216459512710571, 11.01287055015564, 11.20379638671875, 11.067643880844116, 11.070230484008789, 11.244143724441528]