training_time: 14.953922271728516
epoch_times: [0.7538058757781982, 0.741051197052002, 0.7475485801696777, 0.7492034435272217, 0.7432403564453125, 0.7451033592224121, 0.7386195659637451, 0.7473855018615723, 0.7450470924377441, 0.7419435977935791, 0.759864330291748, 0.7540006637573242, 0.7603127956390381, 0.7559185028076172, 0.7589471340179443, 0.7558927536010742, 0.7630138397216797, 0.7332770824432373, 0.7330217361450195, 0.7267248630523682]