training_time: 152.38704133033752
epoch_times: [7.765564680099487, 7.76350212097168, 7.349458932876587, 7.830417633056641, 7.7984185218811035, 7.3993189334869385, 7.935370445251465, 7.896647930145264, 7.356879711151123, 7.806644678115845, 7.844229698181152, 7.412291765213013, 7.56840443611145, 7.502308130264282, 7.471611022949219, 7.386375427246094, 7.357362985610962, 7.685995101928711, 7.828444719314575, 7.427794456481934]