training_time: 440.6650867462158
epoch_times: [21.750879764556885, 21.458404064178467, 21.26098918914795, 21.586939334869385, 21.648893117904663, 23.676810264587402, 22.53327441215515, 20.693968534469604, 21.260321617126465, 21.507749319076538, 21.62496519088745, 22.07112979888916, 23.946632623672485, 22.52942204475403, 21.42869520187378, 21.569660425186157, 21.654921054840088, 22.10754919052124, 22.3209867477417, 24.03289484977722]