training_time: 1097.4756228923798
epoch_times: [56.331345319747925, 56.42142057418823, 55.794350147247314, 55.18411922454834, 54.78725576400757, 54.885191202163696, 54.83660340309143, 54.83216881752014, 53.74903345108032, 53.77519941329956, 53.7468159198761, 55.13589262962341, 55.145512342453, 54.656405448913574, 54.85380172729492, 54.90941047668457, 54.81727695465088, 54.8115508556366, 54.911794900894165, 53.89047431945801]