training_time: 201.017338514328
epoch_times: [10.200377464294434, 10.118298292160034, 10.024481773376465, 10.04416012763977, 10.148437738418579, 10.067119598388672, 10.154101371765137, 9.976883172988892, 10.032196760177612, 9.93525242805481, 10.016469240188599, 9.9886474609375, 10.050268650054932, 9.998188018798828, 9.917045593261719, 9.935672283172607, 10.116445779800415, 10.235604047775269, 10.029642581939697, 10.028046131134033]