training_time: 31.449671745300293
epoch_times: [1.6258838176727295, 1.4486510753631592, 1.60845947265625, 1.5643391609191895, 1.5881679058074951, 1.5667352676391602, 1.6066515445709229, 1.592362642288208, 1.5985190868377686, 1.5741677284240723, 1.6178526878356934, 1.6449894905090332, 1.5230152606964111, 1.5931785106658936, 1.6039936542510986, 1.4976842403411865, 1.5244956016540527, 1.6285266876220703, 1.508892297744751, 1.5331056118011475]