training_time: 182.76689863204956
epoch_times: [9.135331630706787, 9.237714290618896, 9.030438899993896, 9.032239437103271, 9.026115894317627, 8.923559665679932, 8.878668069839478, 8.848203897476196, 8.961251497268677, 9.03027892112732, 9.073103427886963, 9.289762020111084, 9.294152021408081, 9.337039232254028, 9.605993509292603, 9.430339813232422, 9.148192882537842, 9.197806358337402, 9.327546834945679, 8.959160327911377]