training_time: 111.89445853233337
epoch_times: [5.595661640167236, 5.583085298538208, 5.57889461517334, 5.575139284133911, 5.6317126750946045, 5.578502655029297, 5.599602937698364, 5.57864236831665, 5.580682754516602, 5.584834337234497, 5.595779657363892, 5.573693752288818, 5.57776665687561, 5.593352317810059, 5.612591743469238, 5.5965189933776855, 5.624923229217529, 5.608741998672485, 5.618449449539185, 5.605882167816162]