training_time: 20.871674299240112
epoch_times: [1.0355896949768066, 1.0077431201934814, 1.0499496459960938, 1.0556707382202148, 1.0465619564056396, 1.050891399383545, 1.0416958332061768, 1.0316944122314453, 1.0516040325164795, 1.0449934005737305, 1.0239779949188232, 1.064690113067627, 1.0363240242004395, 1.054398536682129, 1.0378727912902832, 1.0274531841278076, 1.0387787818908691, 1.0740768909454346, 1.028465986251831, 1.0692417621612549]