training_time: 2919.3707435131073
epoch_times: [145.23141193389893, 144.1190152168274, 143.83895707130432, 145.23892307281494, 145.11169266700745, 145.7685031890869, 144.53911757469177, 147.3173110485077, 147.99238562583923, 146.96550989151, 145.9131474494934, 144.11645770072937, 146.73793530464172, 146.0239622592926, 146.57948660850525, 146.61423802375793, 148.24414038658142, 146.36708688735962, 145.22279047966003, 147.4286711215973]