training_time: 95.26439237594604
epoch_times: [4.769450902938843, 4.80626368522644, 4.755388975143433, 4.800077676773071, 4.743456125259399, 4.846461534500122, 4.85245156288147, 4.674457550048828, 4.725407838821411, 4.728816032409668, 4.8253209590911865, 4.692978143692017, 4.680705547332764, 4.760799884796143, 4.704390287399292, 4.821190595626831, 4.839205503463745, 4.748110055923462, 4.82539701461792, 4.6640625]