training_time: 424.77414202690125
epoch_times: [21.7706196308136, 21.380008697509766, 20.97893977165222, 21.02895450592041, 21.13516092300415, 21.273937702178955, 21.604506015777588, 21.539358139038086, 21.562456130981445, 21.208340167999268, 21.10994839668274, 21.549747705459595, 20.72719097137451, 20.08778953552246, 20.992438077926636, 21.28544807434082, 21.128294229507446, 21.362677097320557, 21.64388680458069, 21.404439449310303]