training_time: 1721.2865221500397
epoch_times: [87.49645853042603, 87.64998817443848, 87.35730409622192, 87.10519909858704, 86.0843071937561, 86.35796856880188, 85.9496545791626, 85.86189270019531, 85.87407755851746, 85.99331712722778, 85.68504214286804, 85.43710327148438, 85.45080304145813, 85.75151491165161, 85.69047045707703, 85.44947910308838, 85.36239528656006, 85.34300136566162, 85.88303470611572, 85.50351023674011]