training_time: 116.47440981864929
epoch_times: [5.675703048706055, 5.679496765136719, 5.587248086929321, 5.603794574737549, 5.914989709854126, 5.797740697860718, 5.912491321563721, 5.773984670639038, 5.737677335739136, 5.763686656951904, 6.446561813354492, 6.333328485488892, 5.665745496749878, 5.607416152954102, 6.297784805297852, 5.620725154876709, 5.640950679779053, 6.123986482620239, 5.620216608047485, 5.670881271362305]