training_time: 29.705209016799927
epoch_times: [1.4887328147888184, 1.4711618423461914, 1.4848477840423584, 1.4828486442565918, 1.4469513893127441, 1.4496707916259766, 1.4498255252838135, 1.5148520469665527, 1.4373810291290283, 1.4773550033569336, 1.4700901508331299, 1.491335391998291, 1.5524802207946777, 1.4956762790679932, 1.490015983581543, 1.4830734729766846, 1.4824235439300537, 1.5127346515655518, 1.5065596103668213, 1.5171928405761719]