training_time: 180.17298579216003
epoch_times: [9.165882587432861, 9.154666423797607, 9.119111776351929, 9.053449392318726, 9.022355794906616, 9.105008602142334, 9.03019118309021, 9.039961576461792, 9.016102313995361, 9.031851768493652, 8.991211175918579, 8.899993419647217, 8.906075716018677, 8.907766342163086, 8.902331352233887, 8.901480674743652, 8.960134029388428, 8.925008535385132, 9.00984787940979, 9.030555248260498]