training_time: 59.47930932044983
epoch_times: [2.9745750427246094, 2.982480049133301, 2.9493889808654785, 2.955819845199585, 2.9486289024353027, 2.947476863861084, 2.935112714767456, 2.941039562225342, 2.948275327682495, 2.942281723022461, 2.9839863777160645, 3.0144050121307373, 3.012669563293457, 3.007812738418579, 2.9641997814178467, 2.9906673431396484, 2.996248722076416, 2.9885413646698, 2.970534324645996, 3.02516508102417]