training_time: 22.419113874435425
epoch_times: [1.1358892917633057, 1.1249170303344727, 1.1309657096862793, 1.1248888969421387, 1.1284565925598145, 1.1109850406646729, 1.113576889038086, 1.1266613006591797, 1.106698751449585, 1.1224784851074219, 1.1238653659820557, 1.1047520637512207, 1.1080570220947266, 1.1233162879943848, 1.1358911991119385, 1.1248619556427002, 1.1253094673156738, 1.1254611015319824, 1.1190030574798584, 1.1030783653259277]