training_time: 100.58547496795654
epoch_times: [5.265862941741943, 4.9996442794799805, 4.95484471321106, 4.9778196811676025, 4.969810485839844, 5.048896789550781, 5.0251429080963135, 5.04531717300415, 4.968579530715942, 4.9634108543396, 5.014837265014648, 5.197640657424927, 4.961838722229004, 4.9813714027404785, 4.993037939071655, 5.070734262466431, 4.987599849700928, 4.97034478187561, 5.219563007354736, 4.969177722930908]