training_time: 421.3325893878937
epoch_times: [20.869304418563843, 21.659008264541626, 21.532124519348145, 21.153613805770874, 20.405529022216797, 21.15571355819702, 20.76441240310669, 21.348206043243408, 20.710031270980835, 20.323155403137207, 21.248641967773438, 20.217794179916382, 21.207724809646606, 21.18128275871277, 21.110289573669434, 21.51423192024231, 21.017204523086548, 21.27278184890747, 21.236453771591187, 21.40508532524109]