training_time: 1798.4932205677032
epoch_times: [90.88355779647827, 90.48291230201721, 90.11472058296204, 90.68675756454468, 89.72601771354675, 90.60820364952087, 91.20707774162292, 90.29687666893005, 90.15126180648804, 90.48995661735535, 89.85199069976807, 89.60087299346924, 89.27664947509766, 88.92469310760498, 89.31405854225159, 89.22488951683044, 89.3291015625, 89.45476984977722, 89.4392364025116, 89.42961597442627]