training_time: 101.48269581794739
epoch_times: [5.152624607086182, 5.115191459655762, 5.116030216217041, 5.074347496032715, 5.120576858520508, 5.10948920249939, 5.270489931106567, 5.054656028747559, 5.025167465209961, 5.132460117340088, 5.035979270935059, 4.988219738006592, 4.984027624130249, 4.976784706115723, 5.258880615234375, 4.953440189361572, 4.935560464859009, 4.963244915008545, 5.006710767745972, 5.2088141441345215]