training_time: 283.7517583370209
epoch_times: [13.948994636535645, 14.274339199066162, 14.20293116569519, 14.190544843673706, 14.226596355438232, 14.246920347213745, 14.317347526550293, 14.090987205505371, 14.225398540496826, 14.18014407157898, 14.271165132522583, 14.280769348144531, 14.14807415008545, 14.202152967453003, 14.316951036453247, 14.238524198532104, 14.345625877380371, 13.929593563079834, 14.284599781036377, 13.830098390579224]