training_time: 118.91962313652039
epoch_times: [6.065020561218262, 5.928232192993164, 5.928767204284668, 5.90637469291687, 5.918959617614746, 5.939268589019775, 5.9341888427734375, 5.923250675201416, 5.992784738540649, 6.003744840621948, 6.0165276527404785, 6.025367736816406, 6.001957416534424, 5.928905725479126, 5.930638551712036, 5.917497158050537, 5.898171901702881, 5.888379096984863, 5.88557767868042, 5.886008262634277]