training_time: 22.45276689529419
epoch_times: [1.1283795833587646, 1.121983289718628, 1.1197211742401123, 1.117889642715454, 1.1222138404846191, 1.122065544128418, 1.1231539249420166, 1.1052093505859375, 1.130892276763916, 1.1313526630401611, 1.1157293319702148, 1.1277446746826172, 1.107996940612793, 1.1056647300720215, 1.1299211978912354, 1.1310005187988281, 1.1358795166015625, 1.1332027912139893, 1.1327731609344482, 1.1099927425384521]