training_time: 1165.0579085350037
epoch_times: [58.01044011116028, 58.28412628173828, 58.189719915390015, 58.210753202438354, 58.16132831573486, 58.04857110977173, 58.03896737098694, 58.12048554420471, 58.06437110900879, 58.123077630996704, 58.06138491630554, 58.001434326171875, 58.14393949508667, 58.41244029998779, 58.31267213821411, 58.55681324005127, 58.4406635761261, 58.994467973709106, 58.47098517417908, 58.411266803741455]