training_time: 99.83901405334473
epoch_times: [5.1803224086761475, 4.957245111465454, 5.039870977401733, 5.082152605056763, 4.988240480422974, 4.915971994400024, 4.8959479331970215, 4.927296876907349, 5.080513954162598, 4.965525150299072, 4.9362711906433105, 5.0683581829071045, 4.984257936477661, 4.959047317504883, 5.04455304145813, 4.9431679248809814, 4.983166694641113, 4.9517881870269775, 5.00181245803833, 4.9335036277771]