training_time: 153.15292167663574
epoch_times: [7.834226846694946, 7.8165576457977295, 7.479656219482422, 7.457984685897827, 7.594566822052002, 7.207429647445679, 7.353579998016357, 7.7174177169799805, 7.787020921707153, 7.273855209350586, 7.856741666793823, 7.780059337615967, 7.901906251907349, 7.837845087051392, 8.268627166748047, 7.359755754470825, 7.764561414718628, 7.9732749462127686, 7.345640659332275, 7.542213678359985]