training_time: 1060.862678527832
epoch_times: [53.1156804561615, 53.017539978027344, 52.88749718666077, 52.90410089492798, 52.914231061935425, 52.87210750579834, 52.894063234329224, 52.90586614608765, 52.819531202316284, 52.894707679748535, 52.91188335418701, 52.88664126396179, 52.8630473613739, 52.934454917907715, 52.91698431968689, 53.48968029022217, 53.858275175094604, 53.39224028587341, 53.198782205581665, 53.18536400794983]