training_time: 294.2607889175415
epoch_times: [15.169180870056152, 15.051284313201904, 15.10213303565979, 14.897048711776733, 14.708029747009277, 14.547953367233276, 14.741007089614868, 14.516608953475952, 14.682547092437744, 14.594573497772217, 14.601557731628418, 14.666145324707031, 14.70811676979065, 14.692750215530396, 14.645954370498657, 14.58528733253479, 14.581261396408081, 14.60200023651123, 14.579474687576294, 14.587874174118042]