training_time: 421.43569350242615
epoch_times: [22.68405771255493, 21.328960418701172, 21.42022180557251, 21.792122840881348, 20.54951047897339, 21.170615673065186, 21.40663194656372, 20.190052032470703, 19.500149250030518, 20.459596157073975, 20.07207441329956, 20.66731286048889, 19.575780391693115, 19.61397933959961, 22.1923086643219, 22.236511945724487, 21.882253885269165, 21.432337045669556, 21.66743493080139, 21.59378170967102]