training_time: 23.024171352386475
epoch_times: [1.1617941856384277, 1.1370902061462402, 1.1348223686218262, 1.1547737121582031, 1.150252342224121, 1.1372697353363037, 1.1585536003112793, 1.1719169616699219, 1.133843183517456, 1.1620025634765625, 1.1362786293029785, 1.1579649448394775, 1.151414394378662, 1.1561815738677979, 1.14839506149292, 1.1616787910461426, 1.1578960418701172, 1.146385669708252, 1.154076099395752, 1.1515812873840332]