training_time: 427.8295044898987
epoch_times: [23.908626556396484, 21.97396993637085, 21.730571508407593, 21.109087705612183, 21.709328651428223, 20.850752353668213, 20.351341009140015, 21.162304401397705, 20.062458276748657, 21.632473468780518, 21.22965407371521, 20.8763165473938, 19.65295910835266, 21.247224807739258, 21.091006755828857, 21.859461784362793, 21.75968647003174, 21.54498314857483, 21.991909742355347, 22.08538818359375]