training_time: 98.9380304813385
epoch_times: [4.954438924789429, 4.923518657684326, 4.931487321853638, 4.9277660846710205, 4.928675174713135, 4.931958913803101, 4.92463493347168, 4.928478956222534, 4.929651260375977, 4.922196388244629, 5.055545091629028, 5.168797016143799, 4.925171613693237, 4.933490991592407, 4.924468517303467, 4.9247472286224365, 4.922699451446533, 4.930331707000732, 4.926199674606323, 4.923772573471069]