training_time: 1897.6481907367706
epoch_times: [94.9893729686737, 94.92823266983032, 94.89848852157593, 95.0187463760376, 94.8844084739685, 94.90023899078369, 94.81493902206421, 94.83840918540955, 94.93435263633728, 94.91774988174438, 94.96351408958435, 94.79628491401672, 94.83990263938904, 94.86142683029175, 94.89463210105896, 94.85507106781006, 94.82409596443176, 94.82052326202393, 94.85051035881042, 94.81729078292847]