training_time: 294.66796255111694
epoch_times: [14.86651086807251, 14.796892404556274, 14.978509426116943, 14.816258430480957, 14.852394104003906, 14.753998279571533, 14.714869976043701, 14.686383485794067, 14.790639162063599, 14.313101053237915, 14.838061809539795, 14.506718873977661, 14.468923091888428, 14.643440008163452, 14.641363859176636, 14.601864337921143, 15.004459857940674, 14.75051999092102, 14.767643690109253, 14.875409841537476]