training_time: 15.22226357460022
epoch_times: [0.7692339420318604, 0.7524220943450928, 0.7514479160308838, 0.7731070518493652, 0.7669260501861572, 0.7664167881011963, 0.7634470462799072, 0.7607705593109131, 0.7780916690826416, 0.748265266418457, 0.7641351222991943, 0.7700071334838867, 0.7629480361938477, 0.767451286315918, 0.7663688659667969, 0.7460324764251709, 0.7464079856872559, 0.7446315288543701, 0.7541255950927734, 0.7700271606445312]