training_time: 515.7230503559113
epoch_times: [26.040773391723633, 24.718298196792603, 24.697951555252075, 25.06308150291443, 25.068310737609863, 25.279935836791992, 25.403344869613647, 24.975088119506836, 25.106648206710815, 25.601872205734253, 26.046587705612183, 26.340425968170166, 27.081085205078125, 26.12265658378601, 25.88502025604248, 26.060632705688477, 26.563912868499756, 27.63272261619568, 26.06276845932007, 25.971933364868164]