training_time: 442.7927055358887
epoch_times: [23.183566331863403, 22.28102970123291, 21.651389360427856, 21.058176517486572, 21.83318066596985, 21.70062756538391, 21.702179431915283, 21.141998767852783, 23.473320245742798, 21.485941410064697, 21.58877682685852, 21.971161603927612, 22.564003229141235, 23.18925666809082, 23.500732898712158, 22.666097402572632, 21.47123098373413, 21.857128381729126, 22.143048763275146, 22.329858779907227]