training_time: 108.33047461509705
epoch_times: [5.314470052719116, 5.325798034667969, 5.194888591766357, 5.443491458892822, 5.4683897495269775, 5.388557195663452, 5.384721517562866, 5.601258039474487, 5.392735958099365, 5.512773036956787, 5.445586681365967, 5.383599281311035, 5.420597553253174, 5.458776235580444, 5.44921350479126, 5.445117712020874, 5.351419448852539, 5.440847873687744, 5.510716915130615, 5.397515773773193]