training_time: 22.14970374107361
epoch_times: [1.1181895732879639, 1.106511116027832, 1.0956766605377197, 1.1202178001403809, 1.1234326362609863, 1.1139204502105713, 1.1073877811431885, 1.099550485610962, 1.0884582996368408, 1.0866928100585938, 1.1169300079345703, 1.10235595703125, 1.1199359893798828, 1.1195056438446045, 1.0937323570251465, 1.0959975719451904, 1.1099307537078857, 1.1059656143188477, 1.111823558807373, 1.1134886741638184]