training_time: 31.609622478485107
epoch_times: [1.5846450328826904, 1.6173598766326904, 1.6323046684265137, 1.6097862720489502, 1.6114122867584229, 1.6227211952209473, 1.572596549987793, 1.6174073219299316, 1.5982880592346191, 1.5918800830841064, 1.5445215702056885, 1.5291991233825684, 1.6324903964996338, 1.5556085109710693, 1.5411813259124756, 1.539008378982544, 1.5488102436065674, 1.5259289741516113, 1.5362331867218018, 1.5982394218444824]