training_time: 22.36131238937378
epoch_times: [1.146934986114502, 1.126551866531372, 1.130885362625122, 1.1220481395721436, 1.116997241973877, 1.1097428798675537, 1.10750412940979, 1.1235918998718262, 1.11698579788208, 1.1078102588653564, 1.1099858283996582, 1.0971343517303467, 1.1106364727020264, 1.107553482055664, 1.11375093460083, 1.1272087097167969, 1.1180346012115479, 1.1232120990753174, 1.1265935897827148, 1.118149757385254]