training_time: 14.939898252487183
epoch_times: [0.7574570178985596, 0.7433996200561523, 0.7462728023529053, 0.7503387928009033, 0.7349808216094971, 0.7504940032958984, 0.7334132194519043, 0.7323143482208252, 0.7303261756896973, 0.7502219676971436, 0.7342228889465332, 0.7438340187072754, 0.7621455192565918, 0.7467305660247803, 0.7434899806976318, 0.7598445415496826, 0.7664794921875, 0.7544317245483398, 0.7483818531036377, 0.7511188983917236]