training_time: 2961.1749300956726
epoch_times: [144.11805415153503, 153.21277523040771, 159.40039324760437, 158.34166479110718, 146.31596755981445, 144.28838396072388, 152.72901701927185, 146.6921727657318, 150.62204957008362, 149.85197830200195, 147.29320526123047, 143.0726339817047, 145.24480295181274, 146.0384647846222, 143.70863032341003, 147.68485522270203, 147.86562299728394, 144.59898972511292, 145.73667645454407, 144.35859179496765]