training_time: 93.70724272727966
epoch_times: [4.727510213851929, 4.832133531570435, 4.6779985427856445, 4.6537110805511475, 4.702887773513794, 4.715682506561279, 4.813356161117554, 4.731889009475708, 4.677218437194824, 4.634835481643677, 4.695974826812744, 4.6032257080078125, 4.585806131362915, 4.632432699203491, 4.701512575149536, 4.632300615310669, 4.528718948364258, 4.544729232788086, 4.742627143859863, 4.872692108154297]