training_time: 509.33516550064087
epoch_times: [25.908579111099243, 25.699363708496094, 23.807469606399536, 24.569140672683716, 24.203943252563477, 24.885713577270508, 25.313382148742676, 25.193686485290527, 24.78568935394287, 25.821417808532715, 25.45106053352356, 25.676286935806274, 26.02493119239807, 25.51922297477722, 25.30471158027649, 26.160495281219482, 26.48419213294983, 26.01225781440735, 26.14889121055603, 26.3647301197052]