training_time: 101.92780137062073
epoch_times: [5.325986862182617, 5.493879079818726, 5.357462644577026, 5.058149576187134, 5.080419301986694, 5.016899585723877, 5.021534442901611, 5.260829448699951, 5.164335250854492, 5.1003663539886475, 5.093960285186768, 5.0321433544158936, 5.029372692108154, 5.148309946060181, 4.919631481170654, 4.959942817687988, 4.951887607574463, 4.921165943145752, 4.993483543395996, 4.998041152954102]