training_time: 2859.3346118927
epoch_times: [142.48342323303223, 142.59426522254944, 142.60033869743347, 142.5689890384674, 142.5940523147583, 142.80969047546387, 143.24549341201782, 143.07821393013, 142.95636796951294, 143.10289359092712, 143.24558854103088, 143.1528959274292, 142.89070320129395, 142.93222045898438, 143.12128400802612, 143.17125844955444, 143.38896870613098, 143.27939820289612, 143.04047751426697, 143.07808899879456]