training_time: 1999.0415661334991
epoch_times: [99.94644927978516, 99.9570996761322, 100.60230302810669, 99.97295808792114, 99.85094404220581, 100.40631103515625, 100.5264949798584, 100.09295344352722, 99.80745530128479, 99.80323958396912, 99.82982063293457, 99.89890146255493, 99.85407400131226, 99.73846483230591, 99.80255556106567, 99.93118929862976, 99.72243452072144, 99.68852472305298, 99.82022547721863, 99.78916716575623]