training_time: 22.22682547569275
epoch_times: [1.1257050037384033, 1.1235778331756592, 1.0578207969665527, 1.1217739582061768, 1.143125057220459, 1.1501858234405518, 1.1481425762176514, 1.0305676460266113, 1.0441744327545166, 1.059478521347046, 1.1447992324829102, 1.1421337127685547, 1.1340374946594238, 1.1164236068725586, 1.0214428901672363, 1.0770058631896973, 1.1488325595855713, 1.1522185802459717, 1.1509323120117188, 1.1344475746154785]