training_time: 408.9060962200165
epoch_times: [19.55484700202942, 19.41663146018982, 19.716386318206787, 19.804490327835083, 20.175578117370605, 20.304284811019897, 20.279812335968018, 20.656521797180176, 21.03822684288025, 20.93049454689026, 20.635209798812866, 19.241312265396118, 21.060053825378418, 20.94679307937622, 20.731316089630127, 21.009758472442627, 20.875094652175903, 20.42046856880188, 20.93913197517395, 21.169683933258057]