training_time: 1990.6350100040436
epoch_times: [98.9629397392273, 99.4543137550354, 101.14544010162354, 99.98240971565247, 97.03259134292603, 98.88015604019165, 98.87591505050659, 98.87838983535767, 98.95587539672852, 98.94221448898315, 98.88274073600769, 99.68452262878418, 101.26770615577698, 99.3194580078125, 97.76119256019592, 98.84259033203125, 98.9528603553772, 100.85753679275513, 102.47722482681274, 101.47893214225769]