training_time: 421.88390946388245
epoch_times: [21.42411994934082, 21.483168601989746, 21.175593376159668, 21.28964352607727, 20.96469473838806, 21.563783168792725, 20.84365963935852, 21.093589305877686, 20.66785430908203, 20.219847917556763, 21.084009408950806, 21.035178661346436, 20.792503118515015, 21.311807870864868, 21.180280208587646, 21.024213314056396, 20.988237142562866, 21.17698383331299, 21.090470552444458, 21.474270820617676]