training_time: 441.7741184234619
epoch_times: [23.585492372512817, 23.208367586135864, 21.83926486968994, 20.774664878845215, 22.101196765899658, 22.31691813468933, 22.056424856185913, 20.409629821777344, 24.2458438873291, 22.92245602607727, 20.882327795028687, 21.456374406814575, 22.093786478042603, 22.00460195541382, 21.923821687698364, 23.703787565231323, 22.329817533493042, 21.066375970840454, 21.233587741851807, 21.619378089904785]