training_time: 94.80915188789368
epoch_times: [4.694144010543823, 4.5666587352752686, 4.676600694656372, 4.74682354927063, 4.64848256111145, 4.595471382141113, 4.819077968597412, 4.926434516906738, 4.698144197463989, 4.700777769088745, 4.8045265674591064, 4.845466375350952, 4.766600131988525, 4.871334075927734, 4.702115058898926, 4.750692844390869, 4.746506452560425, 4.774681329727173, 4.717566728591919, 4.757046937942505]