training_time: 2449.180165529251
epoch_times: [136.77575850486755, 131.89809155464172, 129.23054909706116, 129.291846036911, 133.74100947380066, 131.53129839897156, 135.54565715789795, 130.71417474746704, 130.4149045944214, 126.70384693145752, 126.66332030296326, 127.59248423576355, 127.47751116752625, 120.68569469451904, 111.12886786460876, 107.27746629714966, 106.97640776634216, 104.19111013412476, 100.3607165813446, 100.9794499874115]