training_time: 221.4492166042328
epoch_times: [10.540654420852661, 10.502487659454346, 10.539812088012695, 11.076344966888428, 10.905155420303345, 10.964412212371826, 10.650187969207764, 10.945499420166016, 11.125428676605225, 10.996261596679688, 11.082011461257935, 10.812134742736816, 11.01509976387024, 11.481404542922974, 11.4070885181427, 11.464424848556519, 11.672040462493896, 11.408108711242676, 11.35805058479309, 11.50260853767395]