training_time: 231.90207290649414
epoch_times: [11.923219203948975, 11.478517293930054, 11.55669093132019, 11.835447311401367, 11.369486808776855, 11.685321569442749, 11.241762161254883, 11.218467712402344, 11.264519929885864, 11.517924070358276, 11.820737361907959, 11.287337064743042, 11.932414770126343, 11.939932584762573, 11.252742528915405, 12.108706951141357, 11.746137857437134, 11.229055643081665, 11.796101570129395, 11.69754958152771]