training_time: 2194.9940168857574
epoch_times: [110.3441481590271, 110.85677289962769, 109.70115447044373, 109.71364402770996, 109.57228565216064, 109.63967275619507, 110.40831780433655, 109.50853943824768, 109.50881218910217, 109.49748086929321, 109.8913950920105, 109.76097345352173, 109.64513921737671, 109.70754647254944, 109.53650999069214, 109.50189137458801, 109.4337158203125, 109.45549249649048, 109.58819651603699, 109.72232818603516]