training_time: 507.5874590873718
epoch_times: [24.24978256225586, 24.79868245124817, 24.73772144317627, 24.122710704803467, 24.00200390815735, 24.7213077545166, 24.851522207260132, 25.492124795913696, 26.179298400878906, 25.642473459243774, 25.438349962234497, 26.20055103302002, 25.860957145690918, 25.50494074821472, 25.78386378288269, 25.971357822418213, 25.796830415725708, 25.941837310791016, 26.275066614151, 26.01607656478882]