training_time: 29.913941860198975
epoch_times: [1.5202674865722656, 1.5167350769042969, 1.4835636615753174, 1.589674711227417, 1.5152153968811035, 1.5051779747009277, 1.4891784191131592, 1.5097088813781738, 1.422069787979126, 1.455672025680542, 1.4240360260009766, 1.5026774406433105, 1.495915412902832, 1.484104871749878, 1.5065712928771973, 1.4857265949249268, 1.5120985507965088, 1.5080769062042236, 1.5202217102050781, 1.4672496318817139]