training_time: 1186.6726055145264
epoch_times: [59.24940538406372, 59.162253856658936, 59.29036617279053, 59.1157603263855, 59.09937047958374, 59.08964920043945, 59.14052653312683, 59.2354519367218, 59.286463499069214, 59.287976026535034, 59.26916790008545, 59.24946665763855, 59.19230508804321, 59.23059868812561, 59.16334319114685, 59.18186330795288, 59.56334948539734, 60.41476273536682, 60.18688941001892, 59.26363563537598]