training_time: 199.57392120361328
epoch_times: [9.954926252365112, 9.816914558410645, 9.855209589004517, 9.903427839279175, 9.938504219055176, 9.96549940109253, 9.973543167114258, 10.07411789894104, 10.055206775665283, 9.952556133270264, 10.063991069793701, 9.950691938400269, 9.954270839691162, 9.971644639968872, 9.945369243621826, 10.046182632446289, 10.065954446792603, 10.00512957572937, 10.073610782623291, 10.0071702003479]