training_time: 1899.9686305522919
epoch_times: [94.97354412078857, 94.8176953792572, 94.79172587394714, 94.99318385124207, 94.8798611164093, 95.0434148311615, 95.06126713752747, 94.94236469268799, 95.1778826713562, 95.1197304725647, 94.979407787323, 94.97811222076416, 95.26071286201477, 94.95880270004272, 95.00871515274048, 95.06730842590332, 95.02001309394836, 94.99443697929382, 94.94495725631714, 94.95549392700195]