training_time: 164.5138075351715
epoch_times: [8.448371887207031, 8.175994634628296, 7.814670085906982, 8.14599895477295, 8.45600414276123, 8.35096287727356, 8.359325885772705, 8.257548809051514, 8.354583024978638, 8.116666793823242, 7.977116346359253, 8.2630615234375, 8.169515609741211, 8.251409769058228, 7.9610443115234375, 8.251272916793823, 8.457776546478271, 8.233836650848389, 8.246361255645752, 8.222285509109497]