training_time: 28.90590476989746
epoch_times: [1.421971082687378, 1.4289202690124512, 1.4308784008026123, 1.423872947692871, 1.5452702045440674, 1.4352762699127197, 1.4229674339294434, 1.435051679611206, 1.4386601448059082, 1.5312607288360596, 1.416581153869629, 1.438112735748291, 1.4424777030944824, 1.4540112018585205, 1.467926263809204, 1.426241397857666, 1.4395661354064941, 1.4356286525726318, 1.435593843460083, 1.4356365203857422]