training_time: 1964.3537352085114
epoch_times: [98.62466955184937, 96.3361451625824, 98.34378337860107, 98.65021920204163, 98.57921957969666, 97.66046595573425, 97.79312229156494, 98.30688786506653, 97.90796971321106, 97.46098756790161, 97.31441140174866, 98.10047721862793, 97.74555397033691, 97.42498397827148, 97.2321195602417, 98.54485392570496, 97.92127466201782, 100.19655728340149, 99.52823638916016, 100.68179655075073]