training_time: 17.83031964302063
epoch_times: [0.9021072387695312, 0.89194655418396, 0.892387866973877, 0.8949484825134277, 0.8891994953155518, 0.8851499557495117, 0.8898684978485107, 0.9032182693481445, 0.8885533809661865, 0.9016821384429932, 0.8960676193237305, 0.8897476196289062, 0.8895161151885986, 0.888251781463623, 0.8933522701263428, 0.8869397640228271, 0.8846614360809326, 0.8890340328216553, 0.8854196071624756, 0.8882675170898438]