training_time: 2225.748892068863
epoch_times: [110.7766649723053, 110.89026880264282, 111.0304388999939, 111.12383317947388, 111.58582973480225, 111.36975073814392, 111.22701740264893, 111.33895206451416, 111.29529523849487, 111.35899758338928, 111.71749639511108, 111.83368396759033, 111.5132200717926, 110.98459148406982, 110.775319814682, 111.22810864448547, 112.07387685775757, 111.45825123786926, 111.3675217628479, 110.79977321624756]