training_time: 544.9079792499542
epoch_times: [26.82695460319519, 26.831639766693115, 26.53417205810547, 30.966805458068848, 28.531373500823975, 25.445614337921143, 25.818487405776978, 25.654218912124634, 25.63968014717102, 29.05305790901184, 29.983966588974, 25.52920651435852, 25.708447456359863, 25.89862561225891, 25.926170825958252, 28.969030141830444, 31.498295545578003, 27.106661796569824, 26.685735940933228, 26.299834728240967]