training_time: 58.766491651535034
epoch_times: [2.988692045211792, 2.9176716804504395, 2.9572091102600098, 2.917719602584839, 2.938258409500122, 2.9616668224334717, 2.90150785446167, 2.9156084060668945, 2.946160078048706, 2.9197211265563965, 2.950120210647583, 2.960601568222046, 2.913562536239624, 2.9500041007995605, 2.91398549079895, 2.9444751739501953, 2.9409940242767334, 2.956554412841797, 2.9519460201263428, 2.9200329780578613]