training_time: 97.00626873970032
epoch_times: [4.904426097869873, 4.860281467437744, 4.851214408874512, 4.867077827453613, 4.847503662109375, 4.848310947418213, 4.871413946151733, 4.825979471206665, 4.871002912521362, 4.8709917068481445, 4.855093955993652, 4.858613967895508, 4.824453353881836, 4.86277437210083, 4.85198712348938, 4.816903114318848, 4.813847780227661, 4.857406139373779, 4.825878381729126, 4.821108102798462]