training_time: 142.45537209510803
epoch_times: [7.0179057121276855, 7.008687973022461, 7.0030505657196045, 7.008606672286987, 7.002801895141602, 6.9952287673950195, 6.999509334564209, 7.019748687744141, 7.138255834579468, 7.380268096923828, 7.336367845535278, 7.323011636734009, 7.415688991546631, 7.093386888504028, 7.0852370262146, 7.090415000915527, 7.092962265014648, 7.108028411865234, 7.142048358917236, 7.194162130355835]