training_time: 429.29444313049316
epoch_times: [20.40528917312622, 20.521902561187744, 22.190099716186523, 22.232818365097046, 20.861669063568115, 21.251924753189087, 21.105069160461426, 19.910723209381104, 21.63799524307251, 22.45706796646118, 22.295016050338745, 20.863916635513306, 21.458674907684326, 21.09403681755066, 21.408475160598755, 22.770183801651, 22.291765928268433, 21.398963451385498, 21.195292472839355, 21.94355869293213]