training_time: 22.403482913970947
epoch_times: [1.393334150314331, 1.2288570404052734, 1.020430088043213, 1.1329355239868164, 1.0200552940368652, 1.1346607208251953, 1.0013113021850586, 1.0201425552368164, 1.0046277046203613, 1.2481670379638672, 1.2416610717773438, 1.0208234786987305, 1.1832420825958252, 1.2091171741485596, 1.0121781826019287, 1.0009706020355225, 1.133493185043335, 1.2794606685638428, 1.093346357345581, 1.0246686935424805]