training_time: 29.365962266921997
epoch_times: [1.5798134803771973, 1.4673705101013184, 1.455014944076538, 1.4701347351074219, 1.4467322826385498, 1.4311723709106445, 1.4703714847564697, 1.5642457008361816, 1.4565644264221191, 1.4399521350860596, 1.4403102397918701, 1.4608798027038574, 1.4753992557525635, 1.4523513317108154, 1.4397740364074707, 1.43772554397583, 1.447476863861084, 1.451941967010498, 1.4508185386657715, 1.5279126167297363]