training_time: 230.9295723438263
epoch_times: [11.24907922744751, 11.26803708076477, 11.784135103225708, 11.893219232559204, 11.24535608291626, 11.768096208572388, 11.67201566696167, 11.318646907806396, 12.05141806602478, 11.567249774932861, 11.438715696334839, 11.823264598846436, 11.492537260055542, 11.513736963272095, 11.852715492248535, 11.353776216506958, 11.995746612548828, 11.176918506622314, 11.24984884262085, 11.21505880355835]