training_time: 432.50548815727234
epoch_times: [22.247551918029785, 21.965402126312256, 21.693010330200195, 21.965115308761597, 22.406784772872925, 21.905701637268066, 21.66488480567932, 21.55760431289673, 21.549663066864014, 21.848990201950073, 22.027711629867554, 22.01454734802246, 20.65636682510376, 19.87449336051941, 21.21361541748047, 21.39502263069153, 21.489887714385986, 21.743422269821167, 21.722869873046875, 21.56284260749817]