training_time: 2089.3610622882843
epoch_times: [104.76551795005798, 104.00127220153809, 104.88159775733948, 104.26634812355042, 104.68175768852234, 103.8134412765503, 104.87281203269958, 104.58419299125671, 103.1727123260498, 104.09792137145996, 105.08317708969116, 104.89190220832825, 104.64663553237915, 104.3266351222992, 104.87355732917786, 103.59550166130066, 104.12505626678467, 105.210857629776, 105.02457046508789, 104.44559526443481]