training_time: 437.4089140892029
epoch_times: [22.15771245956421, 22.64634418487549, 22.10584545135498, 22.004749536514282, 22.000237226486206, 21.56301760673523, 21.988622188568115, 21.905317544937134, 21.805074453353882, 21.99715781211853, 21.486573219299316, 21.807379484176636, 21.36100697517395, 20.01270341873169, 21.618937730789185, 22.11438298225403, 22.43764567375183, 21.887511253356934, 22.35078239440918, 22.157912492752075]