training_time: 2067.031972169876
epoch_times: [102.79551410675049, 101.6623113155365, 102.16389584541321, 103.42636799812317, 103.02741742134094, 100.59379196166992, 104.97970247268677, 103.20490670204163, 102.1347508430481, 102.01834917068481, 103.07451558113098, 105.01576399803162, 104.26623272895813, 102.55358958244324, 105.08704924583435, 103.60955905914307, 103.48517394065857, 106.636971950531, 103.00233101844788, 104.29377722740173]