training_time: 183.94937920570374
epoch_times: [9.196095943450928, 9.198392391204834, 9.204125881195068, 9.284404277801514, 9.146051168441772, 9.1817626953125, 9.261316537857056, 9.371370315551758, 9.2367684841156, 9.39980435371399, 9.116356611251831, 9.30082368850708, 9.258456468582153, 9.203167200088501, 9.175302028656006, 9.090039491653442, 9.056960582733154, 9.128769397735596, 9.02942156791687, 9.109990119934082]