training_time: 29.490962028503418
epoch_times: [1.5018744468688965, 1.467651128768921, 1.4473605155944824, 1.4631054401397705, 1.4608170986175537, 1.4440605640411377, 1.4801390171051025, 1.4750542640686035, 1.5432095527648926, 1.4475643634796143, 1.4474470615386963, 1.4719266891479492, 1.4469952583312988, 1.4999666213989258, 1.4752209186553955, 1.4797894954681396, 1.5397989749908447, 1.451822280883789, 1.4690592288970947, 1.4780991077423096]