training_time: 21.926520824432373
epoch_times: [1.1556313037872314, 1.1549358367919922, 1.0239529609680176, 1.019521713256836, 1.1564629077911377, 1.1085236072540283, 1.119725227355957, 1.1106359958648682, 1.0006682872772217, 1.1080470085144043, 1.0021648406982422, 1.1212520599365234, 1.041707992553711, 1.137537956237793, 1.157062292098999, 1.1536474227905273, 1.149465560913086, 1.0123991966247559, 1.038738489151001, 1.15444016456604]