training_time: 1996.9833207130432
epoch_times: [100.04797673225403, 99.97452640533447, 100.12747240066528, 100.3715500831604, 100.00249171257019, 100.00900959968567, 100.18690633773804, 100.26140928268433, 100.00764989852905, 100.1995313167572, 100.2570104598999, 100.19934582710266, 100.02460265159607, 100.12178659439087, 100.22509360313416, 100.2633011341095, 100.09437656402588, 99.52859735488892, 97.78034496307373, 97.30033779144287]