training_time: 106.1795904636383
epoch_times: [5.068922519683838, 5.174797058105469, 5.0976667404174805, 5.5686023235321045, 5.235201120376587, 5.173583507537842, 5.294902801513672, 5.512197256088257, 5.2132728099823, 5.206777095794678, 5.109783172607422, 5.202348947525024, 5.235184669494629, 5.589974641799927, 5.69083046913147, 5.317844390869141, 5.295742988586426, 5.3318376541137695, 5.296336650848389, 5.563783645629883]