training_time: 1744.8510520458221
epoch_times: [87.74426651000977, 87.6819326877594, 87.59590196609497, 87.30437684059143, 87.31127977371216, 87.37049293518066, 87.35196304321289, 87.33816432952881, 87.36475944519043, 87.30977654457092, 87.31757354736328, 87.01015830039978, 87.02814030647278, 87.00242066383362, 87.03386688232422, 87.0051634311676, 87.03138780593872, 87.04024767875671, 87.025235414505, 86.98394393920898]