training_time: 2342.577515602112
epoch_times: [95.78382468223572, 95.69557595252991, 95.78088665008545, 96.19692540168762, 98.90648245811462, 122.28117179870605, 123.27453947067261, 123.13227391242981, 123.04937195777893, 123.9694435596466, 125.15363335609436, 125.44067668914795, 126.93814778327942, 119.64068388938904, 122.33727025985718, 123.39777946472168, 123.46339154243469, 125.52083039283752, 124.49611830711365, 128.118488073349]