training_time: 2860.313385248184
epoch_times: [143.1630675792694, 143.34149050712585, 142.825199842453, 143.82789540290833, 142.5135462284088, 143.3513376712799, 143.39609122276306, 143.32163071632385, 142.50200486183167, 142.5675404071808, 142.55918526649475, 142.37658309936523, 142.8721444606781, 144.09211134910583, 142.33545088768005, 142.95286536216736, 143.79140090942383, 143.24609446525574, 142.47463536262512, 142.8031096458435]