training_time: 21.19083857536316
epoch_times: [1.073474407196045, 1.088167667388916, 1.0690209865570068, 1.0701773166656494, 1.0698635578155518, 1.0437076091766357, 1.0598020553588867, 1.0644686222076416, 1.0683424472808838, 1.0558595657348633, 1.0360689163208008, 1.0528616905212402, 1.0530364513397217, 1.0491838455200195, 1.0501940250396729, 1.0549390316009521, 1.054945707321167, 1.0528008937835693, 1.0489473342895508, 1.0749764442443848]