training_time: 213.15203022956848
epoch_times: [10.864372491836548, 10.697065353393555, 10.402360916137695, 10.345311880111694, 10.500760316848755, 10.280774354934692, 10.852041244506836, 11.618637323379517, 10.574986457824707, 10.4512779712677, 11.078805446624756, 10.688337802886963, 10.644410610198975, 10.377034187316895, 10.390054941177368, 10.769336223602295, 11.063947916030884, 10.287647008895874, 10.736964464187622, 10.527903318405151]