training_time: 1974.4989738464355
epoch_times: [99.32475996017456, 99.45177292823792, 98.77310800552368, 99.40775179862976, 100.37198138237, 98.6802339553833, 98.59428000450134, 98.59553241729736, 98.49160623550415, 98.53610038757324, 98.48235011100769, 98.34685707092285, 98.39335632324219, 98.30647873878479, 98.3232638835907, 98.31086421012878, 98.40613412857056, 98.53168725967407, 98.51187062263489, 98.65898442268372]