training_time: 412.894912481308
epoch_times: [20.508002519607544, 19.53528594970703, 19.5527241230011, 19.413845777511597, 21.052921056747437, 21.30412483215332, 20.88508629798889, 21.101781129837036, 20.872700214385986, 20.707096099853516, 20.76898741722107, 20.827768325805664, 20.65724802017212, 20.62499499320984, 20.793465614318848, 20.9841251373291, 20.749024629592896, 21.203076124191284, 20.41038489341736, 20.942269325256348]