training_time: 19.3524432182312
epoch_times: [0.989020824432373, 0.9600613117218018, 0.9698646068572998, 0.9598209857940674, 0.9771180152893066, 0.9667389392852783, 0.9604041576385498, 0.9721999168395996, 0.9744231700897217, 0.9704773426055908, 0.9576706886291504, 0.97817063331604, 0.9568276405334473, 0.9715352058410645, 0.9617300033569336, 0.958111047744751, 0.973823070526123, 0.9618711471557617, 0.9717884063720703, 0.9607861042022705]