training_time: 419.59699845314026
epoch_times: [21.67090940475464, 20.71155858039856, 20.981645584106445, 20.924477100372314, 20.83220410346985, 21.46603298187256, 20.976636171340942, 21.227354526519775, 20.685161352157593, 20.805644989013672, 19.026084184646606, 21.420127391815186, 21.280916452407837, 21.31572437286377, 20.95614004135132, 21.01438879966736, 20.861849784851074, 21.246415615081787, 21.0394389629364, 21.154288053512573]