training_time: 387.2063808441162
epoch_times: [19.032893180847168, 19.304306268692017, 19.16192126274109, 19.215335845947266, 19.554938554763794, 19.209558486938477, 19.368486881256104, 19.148227214813232, 19.225193738937378, 19.32137131690979, 19.41249418258667, 18.774073123931885, 19.428054571151733, 19.113587141036987, 19.783150911331177, 19.529552221298218, 19.66334819793701, 19.70381259918213, 19.662238121032715, 19.593837022781372]