training_time: 225.2524299621582
epoch_times: [11.282818078994751, 11.259868144989014, 11.10284161567688, 11.331042766571045, 11.441399812698364, 11.110308647155762, 11.258375883102417, 11.313615322113037, 11.167532920837402, 11.283090829849243, 11.198874235153198, 11.31052017211914, 11.28937554359436, 11.148385047912598, 11.277045726776123, 11.506794691085815, 11.17299485206604, 11.226344108581543, 11.2978196144104, 11.27338194847107]