training_time: 89.45472073554993
epoch_times: [4.492281675338745, 4.437722206115723, 4.439624547958374, 4.470266580581665, 4.482624530792236, 4.466490268707275, 4.529872179031372, 4.476551055908203, 4.476453065872192, 4.482367515563965, 4.485592603683472, 4.4550793170928955, 4.4594810009002686, 4.444453477859497, 4.496605634689331, 4.47836446762085, 4.432043552398682, 4.485807418823242, 4.490555286407471, 4.472484350204468]