training_time: 395.18467378616333
epoch_times: [18.931133031845093, 19.201714515686035, 18.827250719070435, 19.05703568458557, 18.876994132995605, 18.934474229812622, 19.011353969573975, 18.936078310012817, 18.98572611808777, 18.75711417198181, 19.31480383872986, 19.738060235977173, 19.87224507331848, 20.305883169174194, 20.72097897529602, 20.91164231300354, 21.331321001052856, 21.267109632492065, 20.987138509750366, 21.21661615371704]