training_time: 100.47513937950134
epoch_times: [5.03860068321228, 4.954473257064819, 4.959210157394409, 5.088942527770996, 4.942039966583252, 4.903237819671631, 5.060119152069092, 5.00743842124939, 4.955378532409668, 5.361398458480835, 4.971168518066406, 4.912472486495972, 4.977426767349243, 4.95873498916626, 5.01085901260376, 5.0023274421691895, 5.014142274856567, 5.184514999389648, 5.021735906600952, 5.150918006896973]