training_time: 29.3637433052063
epoch_times: [1.5637097358703613, 1.4665343761444092, 1.468324899673462, 1.45792818069458, 1.449080228805542, 1.4637024402618408, 1.4634950160980225, 1.4696674346923828, 1.4510588645935059, 1.4492309093475342, 1.4765441417694092, 1.5107195377349854, 1.4680826663970947, 1.4742231369018555, 1.4652009010314941, 1.4505133628845215, 1.465123176574707, 1.4526808261871338, 1.4464306831359863, 1.4514927864074707]