training_time: 15.130303144454956
epoch_times: [0.754967451095581, 0.7327313423156738, 0.7580983638763428, 0.7429709434509277, 0.7408096790313721, 0.7540156841278076, 0.7596228122711182, 0.776275634765625, 0.7752058506011963, 0.7555177211761475, 0.7674734592437744, 0.7567586898803711, 0.7401292324066162, 0.7569994926452637, 0.753471851348877, 0.7649767398834229, 0.764761209487915, 0.7615282535552979, 0.7519769668579102, 0.7620117664337158]