training_time: 183.96079659461975
epoch_times: [9.097313404083252, 9.211052417755127, 9.244854927062988, 9.050660848617554, 9.090567827224731, 8.970499992370605, 8.978760480880737, 9.082590818405151, 9.142986536026001, 9.092055082321167, 9.377421140670776, 9.1580810546875, 9.317447185516357, 9.39617371559143, 9.145068407058716, 9.135254383087158, 9.170059204101562, 9.17767596244812, 9.280367851257324, 9.841905355453491]