training_time: 202.3493423461914
epoch_times: [10.139676809310913, 10.015822410583496, 10.064448833465576, 10.079525470733643, 10.065545320510864, 10.082463264465332, 10.292392492294312, 10.19542908668518, 10.15740418434143, 10.334363460540771, 10.301682949066162, 10.149634838104248, 10.065798997879028, 10.077759742736816, 10.075282335281372, 10.083008766174316, 10.100161075592041, 10.053383588790894, 9.946065902709961, 10.069492816925049]