training_time: 435.24576210975647
epoch_times: [23.3749041557312, 22.164271116256714, 21.846762657165527, 21.488970041275024, 21.93240237236023, 21.00535249710083, 21.42840814590454, 22.09985899925232, 21.850740909576416, 21.812587022781372, 21.41317129135132, 21.600249767303467, 19.849728107452393, 22.431773900985718, 21.90385866165161, 22.077756881713867, 21.816909074783325, 21.67604684829712, 21.705214738845825, 21.76679491996765]