training_time: 116.8569929599762
epoch_times: [5.782607316970825, 5.772475004196167, 5.805132865905762, 5.76838755607605, 5.703718423843384, 5.74377965927124, 5.882145404815674, 5.973240613937378, 5.916478395462036, 5.937124729156494, 5.932163715362549, 5.893291473388672, 5.957441329956055, 5.993744850158691, 5.709277868270874, 5.731818675994873, 5.729295253753662, 5.832629680633545, 5.830844402313232, 5.961395740509033]