training_time: 1174.981939792633
epoch_times: [59.96648716926575, 58.95870900154114, 58.657822132110596, 58.39635491371155, 58.298930168151855, 58.718589305877686, 58.335352182388306, 58.91672945022583, 58.983476638793945, 58.991912841796875, 58.812450647354126, 58.33599400520325, 58.32223582267761, 59.056447982788086, 58.82613015174866, 58.71211314201355, 58.460939168930054, 58.49305987358093, 58.9476363658905, 58.790568828582764]