training_time: 59.90535020828247
epoch_times: [3.004945755004883, 2.956272840499878, 2.957303285598755, 3.2110178470611572, 2.9337894916534424, 2.9859507083892822, 2.9657585620880127, 2.9895660877227783, 2.968397855758667, 3.2129554748535156, 2.988903045654297, 2.936807870864868, 2.9535136222839355, 2.9563305377960205, 2.975674867630005, 3.125899076461792, 2.932262897491455, 2.9266459941864014, 2.9590630531311035, 2.9642913341522217]