training_time: 428.72979950904846
epoch_times: [21.04008436203003, 21.684750080108643, 21.93738865852356, 21.605095386505127, 21.619850397109985, 21.85783839225769, 20.30215811729431, 20.494521856307983, 21.101354122161865, 21.25445580482483, 21.909862279891968, 21.946820974349976, 21.518792152404785, 22.03627347946167, 21.327823877334595, 20.863402605056763, 21.6328227519989, 21.534729957580566, 21.047221422195435, 22.01455283164978]