training_time: 22.999996662139893
epoch_times: [1.5967438220977783, 1.25296950340271, 1.1330652236938477, 1.0423851013183594, 1.0459043979644775, 1.2275466918945312, 1.0361034870147705, 1.271714210510254, 1.0541679859161377, 1.0647728443145752, 1.287285327911377, 1.2510621547698975, 1.0270020961761475, 1.0319287776947021, 1.038102388381958, 1.0396597385406494, 1.026160717010498, 1.2598044872283936, 1.0347120761871338, 1.2789056301116943]