training_time: 101.99064087867737
epoch_times: [5.144361972808838, 5.155460596084595, 5.1431052684783936, 5.121291875839233, 5.135832071304321, 5.224967956542969, 4.95284104347229, 5.32269811630249, 5.0474395751953125, 5.106081247329712, 5.126746654510498, 5.074739217758179, 5.2556703090667725, 5.0102479457855225, 4.994458913803101, 5.074779748916626, 5.132693529129028, 5.0160439014434814, 5.027122259140015, 4.924058675765991]