training_time: 11.515143871307373
epoch_times: [0.5954043865203857, 0.5775871276855469, 0.575385570526123, 0.5718874931335449, 0.5752193927764893, 0.5771312713623047, 0.5796656608581543, 0.573232889175415, 0.5740785598754883, 0.5727205276489258, 0.5747208595275879, 0.5776314735412598, 0.5751082897186279, 0.5715811252593994, 0.5721931457519531, 0.5750722885131836, 0.5773673057556152, 0.5728664398193359, 0.5715742111206055, 0.5747158527374268]