training_time: 21.81356978416443
epoch_times: [1.121882677078247, 1.1006832122802734, 1.1155316829681396, 1.0010457038879395, 0.999823808670044, 1.087594747543335, 1.129260540008545, 1.0230839252471924, 1.127176284790039, 1.1430199146270752, 1.1349208354949951, 1.1418683528900146, 1.0096831321716309, 1.0089869499206543, 1.1322131156921387, 1.1449263095855713, 1.1569926738739014, 1.1487584114074707, 1.0155744552612305, 1.0705430507659912]