training_time: 87.45787811279297
epoch_times: [4.379284143447876, 4.372464418411255, 4.377603769302368, 4.368551969528198, 4.379974365234375, 4.3725905418396, 4.379947900772095, 4.367800712585449, 4.3628458976745605, 4.3755035400390625, 4.38034462928772, 4.375258207321167, 4.366830587387085, 4.3834614753723145, 4.380574464797974, 4.35908579826355, 4.362804889678955, 4.3791234493255615, 4.371315956115723, 4.362511396408081]