training_time: 19.75413703918457
epoch_times: [1.002225637435913, 0.9792943000793457, 0.9813096523284912, 0.9867005348205566, 0.9872052669525146, 0.9829845428466797, 0.9872839450836182, 0.9914162158966064, 0.9834127426147461, 0.9928231239318848, 0.9860577583312988, 0.9852464199066162, 0.9901931285858154, 0.9858601093292236, 0.9794018268585205, 0.9846892356872559, 1.001523494720459, 0.9882383346557617, 0.9945836067199707, 0.983687162399292]