training_time: 1961.802166223526
epoch_times: [98.0678961277008, 97.52173089981079, 97.25453066825867, 97.32850980758667, 98.16427183151245, 97.7128255367279, 97.19193625450134, 97.22861695289612, 97.16724419593811, 98.10036563873291, 98.63680076599121, 98.71056866645813, 98.72060060501099, 98.76005387306213, 98.6814022064209, 98.55052089691162, 98.58226823806763, 98.4458749294281, 98.48268151283264, 98.49346661567688]