training_time: 21.89508080482483
epoch_times: [1.1441881656646729, 1.1362812519073486, 1.1279911994934082, 1.0069167613983154, 1.045271635055542, 1.1364178657531738, 1.1382153034210205, 1.129526138305664, 1.1328656673431396, 1.0292506217956543, 1.0301334857940674, 1.1289634704589844, 1.1072125434875488, 1.0302464962005615, 1.1015334129333496, 1.0451784133911133, 1.132930040359497, 1.103273630142212, 1.1110453605651855, 1.0776393413543701]