training_time: 100.3818244934082
epoch_times: [5.062847375869751, 4.979100227355957, 4.9660093784332275, 4.933734655380249, 4.909122943878174, 5.019290447235107, 5.024301767349243, 5.025822877883911, 5.1481757164001465, 5.036215782165527, 4.965453147888184, 5.001360177993774, 5.0533130168914795, 5.068650245666504, 4.999640703201294, 5.059037685394287, 5.003967523574829, 4.939992904663086, 4.980774879455566, 5.205013036727905]