training_time: 152.98361372947693
epoch_times: [7.565782785415649, 7.718745470046997, 7.8734290599823, 7.6300342082977295, 7.520140886306763, 7.862825632095337, 7.620110750198364, 7.610428810119629, 7.955651760101318, 7.70250940322876, 7.318044185638428, 7.493263006210327, 7.597507953643799, 7.259136199951172, 7.449929714202881, 7.5945985317230225, 7.939287900924683, 7.579223871231079, 7.825481414794922, 7.8674821853637695]