training_time: 115.93589806556702
epoch_times: [5.910475730895996, 5.914056301116943, 5.840300798416138, 5.873048305511475, 5.5926737785339355, 5.622743129730225, 5.59815239906311, 5.933776140213013, 5.866126537322998, 5.8723602294921875, 5.919310569763184, 5.756994962692261, 5.890750885009766, 5.8498854637146, 5.8716630935668945, 5.596262216567993, 5.609495401382446, 5.614850997924805, 5.883557558059692, 5.9194135665893555]