training_time: 30.430742025375366
epoch_times: [1.6217987537384033, 1.560060977935791, 1.6100265979766846, 1.6176109313964844, 1.588926076889038, 1.6529266834259033, 1.4798214435577393, 1.4312193393707275, 1.47153902053833, 1.4841601848602295, 1.549513339996338, 1.470980167388916, 1.5405144691467285, 1.4873452186584473, 1.4791250228881836, 1.4680216312408447, 1.4639029502868652, 1.4844048023223877, 1.4742486476898193, 1.4945957660675049]